-308,508,16325,1,-2,-2,-30,-29,-173;
-294,506,16333,1,-1,-2,-30,-29,-173;
-305,510,16337,1,-1,-2,-30,-29,-174;
-306,506,16342,2,-1,-2,-30,-29,-174;
-294,508,16365,2,-2,-2,-30,-29,-174;
-279,502,16360,2,-2,-2,-30,-29,-174;
-270,508,16364,2,-4,-2,-30,-29,-173;
-282,516,16358,2,-5,-2,-30,-29,-173;
-279,530,16354,2,-5,-2,-30,-29,-173;
-259,537,16338,2,-6,-1,-30,-29,-173;
-268,538,16333,2,-6,-2,-30,-28,-173;
-288,546,16334,2,-6,-2,-30,-28,-173;
-277,549,16334,2,-7,-2,-30,-28,-173;
-290,552,16336,2,-6,-3,-30,-28,-173;
-290,554,16325,2,-6,-3,-30,-28,-173;
-296,554,16327,2,-6,-2,-30,-28,-173;
-302,556,16333,2,-5,-2,-31,-28,-173;
-312,558,16343,2,-4,-2,-31,-28,-173;
-315,548,16333,2,-4,-2,-31,-29,-173;
-330,544,16342,2,-4,-2,-31,-29,-173;
-323,549,16360,2,-3,-1,-31,-29,-173;
-324,542,16349,2,-2,-1,-31,-29,-173;
-320,535,16353,2,-1,-1,-31,-29,-173;
-315,532,16348,2,0,0,-30,-29,-173;
-315,520,16347,1,0,0,-30,-29,-173;
-322,511,16344,2,0,-1,-31,-30,-173;
-336,511,16333,1,1,-1,-30,-30,-173;
-334,509,16328,2,-1,-1,-30,-29,-173;
-324,517,16346,1,-1,-1,-30,-29,-173;
-311,516,16355,1,0,-2,-30,-29,-173;
-309,524,16357,1,0,-2,-30,-29,-173;
-299,529,16352,1,0,-2,-30,-29,-173;
-288,514,16364,0,-1,-2,-30,-29,-173;
-284,525,16367,0,-2,-2,-30,-30,-173;
-301,542,16362,0,-2,-3,-30,-29,-173;
-304,533,16368,0,-3,-2,-30,-29,-173;
-294,520,16384,0,-3,-2,-30,-29,-172;
-292,517,16392,0,-2,-3,-30,-29,-172;
-301,524,16388,0,-3,-2,-30,-28,-172;
-316,518,16392,0,-3,-2,-30,-28,-172;
-318,510,16390,0,-4,-1,-30,-29,-172;
-326,511,16405,-1,-3,-1,-30,-29,-172;
-329,515,16392,0,-4,-1,-30,-29,-172;
-323,517,16390,0,-3,-2,-30,-28,-172;
-311,505,16395,1,-3,-2,-30,-28,-173;
-300,516,16396,1,-3,-1,-30,-29,-173;
-303,521,16385,1,-3,-2,-30,-29,-173;
-299,517,16380,1,-3,-1,-30,-30,-173;
-297,501,16392,1,-3,-1,-30,-30,-173;
-300,507,16382,1,-3,-1,-30,-30,-173;
-299,508,16379,1,-3,-2,-30,-30,-173;
-296,516,16376,2,-3,-2,-30,-30,-173;
-297,527,16368,2,-2,-1,-30,-30,-173;
-289,513,16368,1,-2,-1,-30,-30,-173;
-287,514,16361,1,-2,-1,-30,-30,-173;
-280,514,16361,1,-2,-1,-30,-30,-173;
-280,530,16357,1,-2,-2,-30,-30,-173;
-283,534,16363,1,-2,-2,-30,-29,-173;
-281,542,16346,1,-2,-2,-30,-29,-173;
-271,542,16338,1,-1,-2,-30,-29,-173;
-274,538,16346,1,-1,-2,-30,-29,-173;
-273,536,16328,1,-2,-2,-30,-29,-173;
-279,535,16346,0,-2,-2,-30,-29,-173;
-287,534,16351,1,-3,-3,-30,-29,-173;
-296,540,16365,1,-3,-4,-30,-29,-173;
-302,546,16359,1,-2,-4,-30,-29,-173;
-292,530,16352,0,-2,-3,-30,-29,-173;
-285,522,16340,0,-3,-3,-30,-29,-173;
-297,513,16350,0,-3,-3,-30,-29,-173;
-297,500,16359,0,-3,-3,-30,-29,-173;
-285,506,16361,0,-3,-3,-30,-30,-173;
-290,504,16382,0,-3,-3,-30,-29,-173;
-290,501,16361,0,-2,-3,-30,-29,-173;
-290,504,16366,0,-2,-2,-30,-29,-173;
-286,503,16358,0,-2,-2,-30,-29,-173;
-291,502,16363,0,-3,-2,-30,-29,-173;
-297,514,16367,1,-2,-2,-30,-29,-173;
-296,517,16375,0,-2,-3,-29,-29,-173;
-277,523,16374,0,-2,-2,-29,-28,-173;
-275,526,16382,0,-3,-2,-30,-28,-173;
-277,512,16366,1,-3,-2,-30,-28,-173;
-274,524,16348,0,-2,-1,-30,-28,-173;
-266,523,16366,0,-3,-2,-30,-28,-173;
-277,526,16349,0,-3,-1,-30,-28,-173;
-275,516,16362,0,-2,-1,-30,-28,-173;
-275,518,16349,-1,-2,0,-30,-28,-173;
-275,518,16357,-1,-3,-1,-30,-28,-173;
-283,521,16358,0,-3,-1,-30,-28,-173;
-294,514,16348,0,-3,-1,-30,-28,-173;
-296,525,16341,0,-2,-1,-30,-28,-173;
-301,529,16354,0,-2,-1,-30,-28,-172;
-296,512,16366,0,-2,-1,-30,-29,-172;
-306,508,16355,0,-2,-1,-30,-29,-172;
-298,508,16368,0,-2,-1,-30,-29,-172;
-297,510,16354,1,-2,-2,-30,-29,-172;
-294,510,16364,1,-2,-2,-30,-29,-172;
-294,504,16361,1,-2,-1,-30,-29,-172;
-284,505,16363,0,-2,-2,-30,-30,-172;
-288,510,16364,0,-3,-2,-30,-30,-172;
-294,510,16347,0,-2,-1,-30,-30,-172;
-298,517,16326,0,-3,-2,-30,-30,-172;
-306,528,16314,1,-3,-2,-30,-29,-173;
-308,531,16329,1,-3,-2,-30,-29,-173;
-313,530,16324,1,-4,-1,-30,-29,-173;
-310,536,16336,1,-3,-1,-30,-29,-173;
-308,527,16345,1,-4,-1,-30,-29,-173;
-308,531,16356,0,-4,-1,-30,-30,-173;
-307,532,16348,1,-3,-1,-30,-29,-173;
-302,530,16358,1,-2,-1,-30,-29,-173;
-302,528,16370,1,-2,-2,-30,-29,-173;
-304,532,16389,1,-2,-2,-30,-29,-173;
-305,520,16399,1,-1,-3,-29,-30,-173;
-304,524,16395,1,-1,-3,-29,-30,-173;
-302,522,16394,1,-2,-3,-29,-30,-173;
-311,524,16382,1,-2,-3,-29,-30,-173;
-314,529,16386,1,-2,-3,-29,-30,-173;
-324,531,16384,2,-1,-3,-29,-30,-173;
-337,532,16391,1,-2,-3,-29,-30,-173;
-337,523,16402,1,-2,-3,-30,-30,-173;
-344,516,16414,1,-3,-3,-30,-30,-173;
-348,507,16403,1,-2,-2,-30,-30,-173;
-352,511,16410,1,-2,-1,-30,-30,-173;
-355,503,16386,1,-1,-1,-30,-30,-173;
-354,494,16388,1,0,-1,-30,-29,-173;
-346,492,16391,1,0,-1,-30,-29,-173;
-342,502,16382,1,0,-1,-30,-29,-173;
-330,500,16372,1,0,0,-30,-29,-173;
-330,490,16368,1,0,-1,-30,-29,-173;
-331,494,16342,1,0,-1,-30,-28,-173;
-320,502,16338,1,1,-1,-30,-28,-173;
-309,503,16352,2,0,-1,-30,-28,-173;
-298,495,16341,1,0,-1,-30,-28,-173;
-282,506,16339,1,-1,-2,-30,-28,-173;
-279,525,16333,0,-1,-2,-30,-28,-173;
-288,519,16334,1,-2,-1,-30,-28,-173;
-283,512,16324,1,-2,-2,-30,-28,-173;
-280,508,16332,2,-2,-2,-30,-28,-173;
-273,509,16337,2,-3,-2,-30,-28,-173;
-263,517,16354,2,-2,-2,-30,-28,-173;
-259,514,16344,2,-3,-2,-30,-28,-173;
-260,514,16328,2,-1,-2,-30,-29,-173;
-269,529,16323,2,-2,-3,-30,-29,-173;
-289,524,16332,2,-2,-3,-30,-29,-173;
-291,520,16342,3,-2,-2,-30,-29,-173;
-285,519,16353,2,-2,-3,-30,-29,-173;
-294,513,16364,1,-2,-3,-30,-29,-173;
-301,514,16352,1,-2,-2,-30,-29,-173;
-312,515,16356,0,-1,-3,-30,-29,-173;
-325,510,16340,0,-1,-3,-30,-30,-173;
-336,509,16338,0,-1,-3,-30,-30,-173;
-342,512,16339,0,-1,-3,-30,-29,-173;
-336,508,16343,0,0,-3,-30,-29,-173;
-316,512,16355,-1,0,-3,-30,-29,-173;
-316,513,16350,-1,-1,-3,-30,-30,-173;
-308,519,16341,-1,-1,-3,-30,-30,-173;
-306,526,16347,-1,-1,-2,-30,-30,-173;
-304,529,16350,-1,-2,-2,-30,-30,-173;
-306,534,16345,0,-2,-2,-30,-29,-173;
-291,548,16361,0,-3,-2,-30,-29,-173;
-282,547,16365,0,-3,-1,-30,-29,-173;
-286,548,16368,1,-3,-1,-30,-29,-172;
-285,543,16369,0,-4,-1,-30,-29,-172;
-294,535,16371,0,-4,-1,-30,-29,-172;
-292,540,16365,0,-4,-1,-30,-29,-172;
-297,536,16364,0,-4,-2,-30,-29,-172;
-291,534,16343,1,-4,-2,-30,-29,-172;
-307,544,16339,0,-3,-2,-30,-29,-173;
-310,539,16344,1,-3,-2,-30,-29,-173;
-309,530,16335,1,-2,-2,-30,-29,-173;
-312,529,16348,1,-3,-2,-30,-29,-173;
-304,524,16346,0,-4,-2,-30,-29,-173;
-305,529,16358,0,-3,-1,-30,-29,-173;
-302,538,16355,1,-2,-1,-30,-29,-173;
-299,530,16362,1,-3,-1,-30,-28,-173;
-291,542,16354,1,-2,0,-30,-28,-173;
-306,538,16353,1,-1,0,-30,-28,-173;
-290,516,16376,1,-2,-1,-30,-28,-172;
-276,516,16365,1,-2,0,-30,-29,-172;
-282,512,16370,0,-2,-1,-30,-29,-172;
-282,516,16376,0,-2,-1,-30,-29,-172;
-292,528,16383,1,-2,-1,-30,-29,-172;
-286,518,16371,1,-2,-1,-30,-29,-172;
-277,514,16364,0,-2,-1,-30,-29,-173;
-284,516,16377,0,-2,-2,-30,-29,-173;
-292,504,16392,0,-3,-2,-30,-29,-173;
-286,507,16391,0,-3,-1,-30,-29,-173;
-276,514,16384,0,-3,-2,-30,-29,-173;
-279,520,16384,0,-2,-2,-30,-29,-173;
-277,527,16382,0,-2,-1,-30,-29,-173;
-277,534,16371,1,-1,-1,-30,-29,-173;
-271,524,16377,0,-1,-1,-30,-29,-173;
-278,536,16384,0,-1,-1,-30,-29,-172;
-290,543,16393,0,-2,-1,-30,-29,-173;
-287,532,16380,1,-1,0,-30,-29,-173;
-293,527,16367,2,-1,-1,-30,-29,-173;
-288,521,16362,1,-1,-1,-30,-29,-173;
-298,520,16361,1,0,0,-30,-29,-173;
-304,513,16365,1,-1,0,-30,-29,-173;
-314,505,16362,1,-2,0,-30,-29,-173;
-334,495,16347,1,-3,0,-30,-29,-173;
-329,490,16348,2,-3,0,-30,-29,-173;
-328,481,16337,1,-4,0,-30,-29,-173;
-328,472,16337,1,-4,0,-30,-29,-173;
-326,484,16330,1,-4,0,-30,-29,-173;
-327,492,16343,1,-4,0,-30,-29,-173;
-338,499,16364,1,-5,0,-30,-30,-173;
-339,502,16353,1,-5,0,-30,-30,-173;
-337,504,16353,1,-5,0,-30,-30,-173;
-332,517,16354,1,-5,0,-30,-30,-173;
-316,521,16380,1,-4,-1,-30,-29,-173;
-314,522,16387,1,-5,-1,-30,-29,-173;
-311,524,16389,2,-4,-1,-30,-29,-173;
-308,532,16374,2,-4,-1,-30,-29,-173;
-317,517,16401,2,-4,-1,-30,-29,-173;
-306,519,16396,2,-4,-1,-30,-29,-173;
-284,525,16398,1,-2,-1,-30,-29,-173;
-287,523,16408,2,-3,0,-30,-29,-173;
-279,525,16409,2,-2,-1,-30,-30,-173;
-286,521,16415,2,-2,-1,-30,-30,-173;
-282,521,16404,2,-2,-1,-30,-30,-173;
-289,530,16395,2,-1,-2,-30,-30,-173;
-298,531,16398,2,-1,-2,-30,-30,-173;
-300,524,16413,1,-1,-2,-29,-30,-173;
-297,542,16410,0,-1,-2,-30,-30,-173;
-303,548,16401,0,-2,-2,-30,-30,-172;
-310,537,16404,1,-3,-2,-30,-30,-172;
-310,544,16405,0,-2,-3,-30,-30,-172;
-317,550,16396,0,-2,-3,-30,-30,-172;
-317,541,16390,0,-2,-2,-30,-30,-172;
-314,544,16390,-1,-1,-2,-30,-30,-172;
-306,540,16384,-1,-1,-1,-30,-30,-172;
-299,544,16390,-1,-1,-1,-30,-30,-172;
-308,544,16380,0,-1,-1,-30,-30,-173;
-300,534,16368,0,-1,-1,-30,-29,-173;
-292,529,16378,0,-1,-1,-30,-29,-173;
-305,526,16367,0,-1,-1,-30,-29,-173;
-300,530,16356,1,-1,-1,-30,-29,-173;
-276,520,16352,0,-1,-1,-30,-29,-173;
-264,530,16356,0,-1,-1,-30,-29,-173;
-269,524,16355,1,0,-1,-30,-29,-173;
-274,521,16352,1,-1,-2,-30,-29,-173;
-272,522,16356,1,-2,-2,-30,-29,-173;
-256,525,16354,0,-2,-2,-30,-29,-173;
-255,537,16356,0,-3,-2,-30,-29,-173;
-265,543,16358,1,-2,-2,-30,-29,-173;
-251,546,16355,1,-2,-2,-30,-30,-173;
-251,530,16367,0,-2,-1,-30,-30,-173;
-271,540,16386,0,-2,-2,-30,-29,-173;
-282,534,16386,0,-2,-2,-30,-29,-173;
-271,538,16375,0,-2,-2,-30,-29,-173;
-263,540,16387,0,-2,-2,-30,-30,-173;
-269,533,16378,0,-1,-2,-30,-30,-173;
-270,531,16385,1,-1,-2,-30,-30,-173;
-280,519,16385,1,-1,-2,-30,-30,-173;
-280,521,16377,1,-1,-2,-30,-30,-173;
-285,526,16396,1,0,-2,-30,-30,-173;
-280,536,16392,1,-1,-2,-31,-29,-173;
-279,533,16386,1,-1,-2,-30,-29,-173;
-274,535,16390,1,-1,-1,-30,-29,-173;
-275,529,16403,1,-1,-2,-30,-29,-173;
-289,520,16392,1,-2,-2,-30,-30,-173;
-280,523,16394,1,-2,-3,-30,-30,-173;
-288,524,16412,1,-2,-2,-30,-29,-173;
-273,514,16409,1,-2,-3,-30,-29,-173;
-270,498,16417,1,-2,-2,-30,-29,-173;
-277,492,16413,0,-2,-2,-29,-30,-173;
-277,487,16428,1,-2,-2,-29,-30,-173;
-274,488,16421,1,-2,-3,-29,-30,-173;
-267,488,16407,1,-2,-2,-29,-30,-173;
-276,499,16402,0,-2,-2,-29,-30,-173;
-259,504,16411,0,-2,-2,-30,-30,-173;
-273,495,16404,0,-1,-1,-30,-30,-173;
-268,490,16382,0,-2,-1,-30,-30,-173;
-275,490,16372,0,-2,-1,-30,-31,-173;
-281,498,16370,0,-2,-1,-30,-31,-173;
-273,502,16364,0,-3,-1,-30,-31,-173;
-272,505,16341,0,-2,-2,-30,-31,-173;
-280,510,16338,-1,-3,-2,-30,-31,-173;
-282,506,16348,0,-2,-2,-30,-31,-173;
-285,497,16338,0,-2,-1,-30,-31,-173;
-300,508,16336,0,-2,-1,-30,-31,-173;
-295,516,16343,0,-2,-1,-30,-30,-173;
-295,515,16340,0,-1,-1,-29,-30,-173;
-307,526,16349,-1,-2,-1,-30,-30,-173;
-302,533,16345,0,-2,-1,-30,-30,-173;
-304,527,16339,1,-2,0,-30,-30,-173;
-309,526,16349,1,-1,-1,-30,-30,-173;
-315,511,16364,2,0,-1,-30,-29,-173;
-327,515,16354,1,-1,-1,-30,-29,-172;
-329,518,16364,2,-1,-1,-30,-29,-172;
-324,497,16368,3,-1,-1,-30,-29,-172;
-326,494,16372,2,-1,-1,-30,-30,-172;
-322,506,16397,2,-1,-1,-30,-30,-172;
-318,513,16398,3,-1,-1,-30,-30,-173;
-313,504,16396,2,0,-1,-30,-30,-173;
-319,516,16387,2,0,-1,-30,-30,-173;
-307,513,16391,2,-1,0,-30,-30,-173;
-302,516,16390,1,-1,0,-30,-31,-173;
-296,504,16388,1,-1,0,-30,-31,-173;
-306,501,16376,0,0,0,-30,-31,-173;
-302,522,16368,0,-1,-1,-30,-31,-173;
-298,520,16350,0,-1,-1,-29,-31,-173;
-307,508,16325,1,0,-1,-29,-30,-173;
-310,494,16315,1,1,-2,-29,-30,-173;
-314,500,16320,0,1,-2,-29,-30,-173;
-306,500,16327,0,0,-2,-29,-30,-173;
-320,496,16323,0,0,-2,-29,-30,-173;
-310,504,16312,1,-1,-2,-29,-30,-173;
-308,510,16326,1,0,-2,-29,-30,-173;
-294,509,16330,1,-1,-2,-30,-30,-173;
-298,499,16331,1,-1,-1,-30,-29,-173;
-300,508,16349,1,-1,-1,-30,-29,-173;
-304,510,16343,0,-1,-1,-30,-29,-173;
-296,517,16350,0,-2,-1,-30,-30,-173;
-298,515,16350,0,-3,-1,-30,-30,-173;
-309,502,16350,1,-2,-1,-30,-29,-173;
-321,510,16358,1,-2,-2,-30,-29,-173;
-315,499,16372,1,-2,-2,-30,-29,-173;
-317,499,16367,1,-2,-3,-30,-29,-173;
-316,502,16376,1,-2,-3,-30,-29,-173;
-313,502,16381,1,-2,-3,-30,-29,-173;
-316,502,16372,2,-2,-2,-30,-30,-173;
-303,504,16388,2,-2,-2,-30,-30,-173;
-306,498,16398,2,-1,-2,-30,-29,-173;
-310,498,16404,1,-1,-2,-30,-29,-173;
-304,508,16405,1,-1,-2,-30,-30,-173;
-295,507,16390,0,-1,-2,-30,-30,-173;
-303,502,16386,0,-2,-2,-30,-30,-173;
-307,502,16384,1,-1,-2,-30,-30,-173;
-306,504,16363,1,-1,-2,-30,-30,-173;
-310,502,16352,0,-1,-3,-30,-30,-173;
-301,504,16363,0,-1,-2,-30,-29,-173;
-298,502,16362,0,-2,-2,-30,-29,-173;
-298,507,16362,0,-2,-2,-30,-29,-173;
-290,507,16339,0,-1,-3,-29,-29,-173;
-281,495,16344,0,-1,-3,-29,-29,-173;
-278,489,16358,0,-1,-3,-29,-29,-173;
-289,502,16351,-1,-1,-2,-29,-29,-173;
-282,496,16354,-1,-1,-1,-29,-29,-173;
-288,489,16371,-1,0,-1,-29,-29,-173;
-281,502,16377,0,0,0,-30,-29,-173;
-290,495,16358,-1,0,0,-30,-29,-173;
-305,497,16373,0,1,-1,-30,-29,-173;
-316,504,16370,1,0,-1,-30,-29,-173;
-318,503,16385,1,0,-1,-30,-29,-173;
-319,514,16376,1,0,-1,-30,-29,-173;
-314,518,16364,1,1,-1,-30,-29,-173;
-308,511,16370,1,1,-1,-30,-29,-173;
-305,513,16378,1,1,-2,-30,-29,-173;
-292,520,16390,2,0,-2,-30,-29,-173;
-296,504,16389,1,0,-2,-30,-29,-173;
-298,510,16396,0,0,-3,-30,-29,-173;
-301,512,16375,0,-1,-2,-30,-30,-173;
-286,499,16362,-1,-2,-3,-30,-30,-173;
-296,508,16360,0,-2,-3,-30,-30,-173;
-301,505,16356,0,-2,-3,-30,-30,-173;
-312,496,16357,0,-3,-2,-30,-29,-173;
-302,502,16358,0,-3,-2,-30,-29,-173;
-315,503,16340,0,-3,-2,-31,-29,-173;
-324,501,16327,-1,-2,-1,-31,-29,-172;
-333,506,16334,0,-2,-1,-31,-29,-172;
-326,498,16349,0,-2,-1,-30,-29,-172;
-309,493,16353,0,-1,-1,-30,-29,-172;
-313,508,16364,1,-1,-1,-30,-28,-172;
-320,508,16368,0,-1,-1,-30,-28,-172;
-319,514,16374,0,-1,0,-30,-28,-172;
-316,531,16383,0,0,-1,-31,-28,-172;
-317,538,16370,1,0,-1,-31,-29,-173;
-310,540,16374,1,-1,-1,-31,-29,-173;
-315,534,16392,1,-1,-1,-31,-29,-173;
-309,546,16383,1,-1,-1,-30,-29,-173;
-314,547,16360,1,-2,-1,-30,-29,-173;
-326,552,16352,0,-2,-1,-30,-29,-173;
-325,545,16354,0,-2,-1,-30,-29,-173;
-298,534,16342,0,-2,-1,-30,-29,-173;
-301,536,16343,-1,-3,-1,-30,-29,-173;
-294,529,16341,-1,-2,-1,-30,-29,-173;
-308,516,16344,-1,-2,-1,-30,-29,-173;
-313,517,16361,-2,-2,-1,-30,-30,-172;
-306,513,16358,-1,-2,-1,-30,-30,-172;
-313,497,16357,-1,-2,-2,-30,-29,-172;
-323,501,16363,-2,-1,-1,-30,-29,-172;
-322,505,16360,-1,-1,-1,-30,-29,-172;
-325,507,16346,-1,-1,-1,-30,-29,-173;
-336,524,16356,-1,-1,-1,-30,-29,-173;
-340,518,16366,0,-1,-1,-30,-29,-173;
-349,527,16349,1,-1,0,-30,-29,-172;
-340,526,16354,1,-2,0,-30,-29,-173;
-338,530,16336,1,-2,-1,-30,-29,-173;
-340,541,16324,1,-2,-1,-30,-29,-173;
-325,554,16331,1,-2,-1,-30,-29,-173;
-310,562,16352,1,-2,-1,-30,-29,-173;
-309,556,16374,1,-2,-1,-30,-29,-173;
-302,550,16372,1,-1,-1,-30,-30,-173;
-300,546,16362,1,-1,-1,-30,-30,-173;
-305,535,16344,0,-1,-1,-30,-30,-173;
-299,525,16346,-1,-1,-2,-30,-30,-173;
-300,522,16352,-1,-1,-2,-30,-29,-173;
-306,515,16344,-1,-1,-2,-30,-29,-173;
-311,514,16340,0,-2,-2,-30,-29,-173;
-314,508,16332,-1,-1,-1,-30,-29,-173;
-311,506,16327,-1,-2,-1,-30,-29,-173;
-302,501,16331,-1,-2,-1,-30,-29,-173;
-308,504,16349,-1,-2,-1,-30,-29,-173;
-308,494,16349,0,-2,-1,-30,-29,-173;
-310,505,16342,0,-3,-2,-30,-29,-173;
-316,497,16331,1,-2,-2,-30,-29,-173;
-312,516,16320,0,-2,-1,-30,-29,-173;
-302,519,16330,0,-2,-1,-30,-29,-173;
-302,520,16327,0,-1,-1,-30,-29,-173;
-301,516,16335,0,-2,-2,-30,-29,-173;
-308,514,16316,0,-2,-1,-30,-29,-173;
-317,524,16304,1,-3,-2,-30,-29,-173;
-314,531,16299,1,-2,-2,-30,-29,-173;
-328,522,16302,1,-3,-1,-30,-29,-173;
-309,515,16320,1,-2,-1,-30,-29,-173;
-307,524,16337,1,-3,-1,-30,-29,-173;
-312,510,16339,1,-3,-1,-30,-29,-173;
-312,508,16354,1,-3,-1,-30,-29,-173;
-308,496,16364,1,-3,-2,-30,-29,-173;
-319,498,16359,0,-3,-1,-30,-29,-173;
-325,498,16371,0,-1,-1,-30,-29,-173;
-324,497,16371,-1,-1,-1,-30,-29,-173;
-326,489,16374,-1,-2,-1,-30,-29,-173;
-312,501,16385,-1,-1,-2,-30,-29,-173;
-322,512,16387,-1,-2,-1,-30,-29,-173;
-317,504,16392,-1,-2,-1,-30,-29,-173;
-312,508,16404,-1,-2,-1,-30,-29,-173;
-314,502,16407,0,-2,-1,-30,-29,-173;
-318,506,16412,0,-1,-1,-30,-29,-173;
-314,503,16411,0,-1,-2,-30,-29,-173;
-314,502,16400,0,-2,-1,-30,-29,-173;
-319,498,16398,0,0,0,-30,-29,-173;
-318,498,16397,1,-1,-1,-30,-29,-173;
-321,507,16395,1,-1,0,-30,-29,-173;
-310,505,16392,1,0,0,-30,-29,-173;
-302,513,16391,1,0,0,-30,-30,-173;
-304,524,16384,1,0,0,-30,-30,-173;
-302,528,16374,1,1,0,-30,-30,-173;
-290,534,16367,0,0,0,-30,-30,-173;
-282,538,16361,1,0,0,-30,-30,-173;
-269,542,16368,2,-1,0,-30,-29,-173;
-268,540,16369,2,-1,-1,-30,-29,-173;
-263,540,16352,2,-2,-1,-30,-30,-173;
-265,539,16359,1,-3,-1,-29,-30,-173;
-273,535,16368,2,-4,-1,-29,-30,-173;
-291,537,16354,1,-4,-1,-29,-29,-173;
-299,525,16354,1,-4,-2,-29,-29,-174;
-304,526,16343,1,-4,-2,-29,-29,-174;
-318,536,16345,1,-4,-2,-29,-29,-174;
-313,534,16358,1,-4,-2,-29,-29,-174;
-327,529,16348,1,-3,-2,-29,-29,-173;
-313,528,16354,1,-3,-2,-29,-29,-173;
-324,529,16370,1,-2,-2,-30,-29,-173;
-326,514,16364,1,-1,-2,-30,-29,-173;
-322,514,16350,1,0,-2,-30,-29,-173;
-328,517,16350,1,0,-2,-30,-29,-173;
-335,521,16356,1,0,-2,-30,-29,-173;
-326,519,16380,1,0,-2,-30,-29,-173;
-322,518,16373,2,0,-2,-30,-29,-173;
-338,514,16364,2,0,-2,-30,-30,-173;
-319,512,16378,2,-1,-2,-30,-30,-173;
-328,520,16360,1,-1,-1,-30,-30,-173;
-323,519,16378,1,-2,-1,-30,-30,-172;
-320,525,16368,1,-2,-1,-30,-30,-173;
-316,532,16367,1,-2,-1,-30,-30,-173;
-308,518,16391,2,-2,-2,-30,-30,-173;
-293,511,16393,2,-1,-1,-30,-30,-173;
-292,517,16391,2,-2,-1,-30,-30,-173;
-285,507,16386,2,-2,-1,-30,-30,-173;
-278,512,16388,2,-2,-1,-30,-29,-173;
-294,508,16385,2,-1,-1,-30,-29,-173;
-299,498,16406,3,-2,-1,-30,-29,-173;
-295,500,16396,3,-3,-1,-30,-29,-173;
-298,504,16398,3,-2,-1,-31,-28,-173;
-309,505,16402,2,-2,-1,-31,-28,-173;
-311,514,16384,2,-3,-1,-31,-28,-173;
-315,514,16381,1,-3,-1,-30,-28,-173;
-328,507,16367,1,-3,-1,-30,-28,-173;
-344,509,16376,1,-3,-1,-30,-28,-173;
-338,512,16370,1,-2,-1,-30,-28,-173;
-333,521,16375,1,-2,-1,-30,-28,-173;
-322,520,16360,2,-2,-1,-30,-28,-173;
-316,502,16362,2,-2,-1,-30,-28,-173;
-304,500,16362,2,-2,-1,-31,-29,-173;
-316,488,16363,2,-3,-1,-31,-29,-173;
-311,487,16381,3,-2,-1,-30,-29,-173;
-302,496,16369,3,-3,-1,-30,-29,-173;
-293,501,16357,3,-3,-2,-30,-29,-173;
-273,493,16345,2,-3,-1,-30,-29,-172;
-278,486,16359,3,-3,-1,-30,-29,-173;
-280,487,16369,2,-3,-1,-30,-29,-173;
-282,494,16382,2,-3,-1,-30,-29,-173;
-295,522,16370,1,-3,-1,-30,-29,-173;
-309,524,16383,2,-3,-1,-30,-29,-172;
-290,538,16377,2,-2,-1,-30,-29,-172;
-288,539,16375,2,-3,-1,-30,-29,-173;
-302,528,16366,3,-3,0,-30,-29,-173;
-312,526,16376,3,-2,0,-30,-28,-173;
-324,524,16380,3,-2,0,-30,-28,-173;
-311,528,16377,2,-2,0,-30,-29,-173;
-305,528,16379,2,-2,0,-30,-29,-173;
-304,530,16385,1,-3,0,-30,-29,-173;
-310,520,16370,1,-3,0,-30,-29,-173;
-296,513,16355,1,-2,0,-30,-29,-173;
-300,513,16366,1,-2,0,-30,-29,-173;
-307,514,16349,0,-2,-1,-30,-29,-173;
-302,521,16361,0,-2,-1,-30,-29,-172;
-304,523,16352,-1,-2,-1,-30,-30,-172;
-302,533,16358,0,-2,-1,-30,-30,-172;
-313,528,16353,0,-1,-1,-30,-30,-172;
-306,520,16341,0,-2,0,-30,-30,-173;
-309,513,16327,0,-1,-1,-30,-30,-173;
-299,509,16326,0,-1,-1,-30,-30,-173;
-304,512,16337,0,-1,-2,-30,-30,-173;
-312,509,16328,0,-1,-2,-30,-30,-173;
-307,511,16335,0,-1,-1,-29,-30,-173;
-303,506,16341,0,-2,-2,-29,-30,-173;
-290,503,16348,0,-2,-2,-29,-30,-173;
-279,499,16359,0,-2,-2,-29,-30,-173;
-283,500,16357,0,-2,-3,-29,-30,-173;
-288,510,16364,1,-2,-3,-30,-30,-173;
-296,518,16365,0,-2,-3,-30,-30,-173;
-295,518,16387,1,-2,-3,-30,-30,-173;
-296,525,16381,1,-3,-3,-30,-30,-173;
-300,524,16384,1,-3,-3,-30,-30,-173;
-294,524,16394,1,-2,-3,-30,-30,-173;
-302,529,16394,1,-2,-2,-30,-30,-173;
-301,526,16398,1,-1,-2,-30,-30,-173;
-309,528,16373,2,-1,-2,-30,-30,-173;
-317,532,16383,1,-1,-2,-30,-30,-173;
-315,520,16376,1,-1,-3,-30,-30,-173;
-304,514,16386,1,-1,-2,-30,-30,-173;
-312,524,16378,1,-1,-2,-30,-30,-173;
-313,520,16379,0,0,-2,-30,-30,-173;
-299,511,16372,0,0,-2,-30,-30,-173;
-311,511,16362,-1,0,-2,-31,-29,-173;
-294,505,16365,-1,0,-3,-31,-29,-173;
-298,510,16354,-1,-1,-2,-31,-29,-173;
-287,514,16380,-2,-1,-2,-31,-29,-173;
-271,516,16388,-2,-1,-2,-31,-29,-173;
-281,520,16382,-1,0,-1,-31,-29,-173;
-283,520,16368,-1,0,-1,-30,-29,-173;
-275,509,16372,-1,1,-1,-30,-29,-173;
-273,502,16366,0,0,-2,-30,-29,-173;
-264,514,16368,0,-1,-2,-30,-29,-173;
-256,510,16356,1,0,-1,-30,-29,-173;
-260,527,16357,1,0,-1,-30,-29,-173;
-250,534,16364,1,0,-1,-30,-29,-173;
-263,532,16336,1,0,-2,-30,-30,-172;
-280,526,16336,1,0,-2,-30,-30,-172;
-279,528,16337,0,0,-2,-29,-29,-172;
-290,525,16347,0,0,-2,-29,-29,-173;
-286,520,16333,0,-1,-2,-29,-30,-173;
-280,528,16336,0,-1,-2,-29,-30,-173;
-285,520,16332,0,-1,-2,-29,-30,-173;
-282,524,16351,0,-2,-2,-29,-30,-173;
-290,511,16348,0,-2,-2,-29,-30,-173;
-303,507,16352,0,-2,-2,-29,-30,-173;
-309,508,16379,1,-2,-2,-29,-29,-173;
-298,515,16364,1,-2,-1,-29,-29,-173;
-301,512,16368,1,-3,-2,-29,-29,-173;
-300,517,16377,1,-4,-2,-29,-29,-173;
-308,534,16388,1,-3,-2,-30,-29,-173;
-313,526,16376,0,-4,-1,-30,-29,-173;
-313,517,16378,1,-3,-2,-30,-29,-173;
-320,510,16363,1,-3,-1,-30,-29,-173;
-312,508,16367,1,-3,-1,-30,-29,-173;
-306,496,16356,1,-2,-1,-30,-29,-172;
-301,494,16341,1,-2,-1,-30,-29,-172;
-298,494,16342,1,-2,-2,-30,-29,-172;
-294,497,16336,1,-3,-2,-30,-29,-172;
-286,501,16322,0,-2,-1,-30,-29,-172;
-278,494,16336,0,-1,-1,-30,-29,-172;
-275,508,16336,1,-1,-2,-30,-29,-172;
-282,523,16344,1,-2,-1,-30,-30,-172;
-270,519,16356,0,-3,-1,-30,-30,-173;
-274,521,16344,1,-3,-1,-30,-30,-173;
-268,531,16354,1,-3,-1,-30,-30,-173;
-269,534,16368,1,-3,0,-30,-30,-173;
-274,536,16356,1,-3,-1,-30,-30,-173;
-275,534,16346,1,-2,0,-30,-30,-173;
-277,522,16347,1,-2,-1,-30,-30,-173;
-294,522,16324,1,-3,0,-30,-29,-173;
-305,506,16342,1,-3,0,-30,-29,-173;
-302,503,16342,1,-2,0,-30,-29,-173;
-312,508,16341,0,-2,0,-30,-29,-173;
-324,510,16344,0,-1,0,-30,-29,-173;
-333,510,16338,0,-1,-1,-30,-30,-173;
-330,506,16336,-1,-2,-2,-30,-30,-173;
-321,510,16350,0,-2,-1,-30,-29,-173;
-316,514,16349,0,-2,-1,-30,-29,-173;
-304,518,16350,0,-3,-1,-30,-29,-173;
-288,518,16343,0,-2,-1,-30,-30,-173;
-287,518,16342,-1,-1,-1,-30,-30,-172;
-290,513,16334,0,-2,-1,-30,-30,-172;
-284,518,16324,0,-2,-2,-30,-31,-172;
-271,519,16333,0,-2,-2,-30,-31,-173;
-265,509,16346,0,-2,-1,-30,-30,-173;
-268,524,16334,0,-2,-1,-30,-30,-173;
-277,505,16331,0,-2,-1,-30,-30,-173;
-287,498,16338,0,-2,0,-30,-31,-173;
-297,500,16340,0,-1,-1,-30,-31,-173;
-301,500,16348,0,-1,-1,-30,-31,-173;
-295,502,16340,0,-1,-1,-30,-31,-173;
-300,508,16348,0,-1,-1,-30,-30,-173;
-299,510,16360,0,-1,-1,-30,-30,-173;
-303,509,16343,0,-1,-2,-30,-30,-173;
-304,522,16330,1,0,-2,-30,-30,-173;
-304,511,16332,0,0,-2,-30,-30,-173;
-298,514,16340,1,1,-2,-30,-30,-173;
-298,519,16328,0,0,-3,-30,-29,-172;
-298,520,16323,0,-1,-3,-30,-29,-172;
-301,512,16336,0,-1,-2,-30,-29,-172;
-304,512,16327,1,-1,-2,-30,-28,-172;
-306,507,16331,1,-1,-2,-30,-28,-172;
-314,501,16328,1,-1,-2,-30,-29,-172;
-313,499,16340,0,-1,-2,-30,-29,-172;
-321,499,16346,0,-1,-1,-30,-29,-172;
-320,502,16335,0,0,-2,-30,-29,-172;
-315,503,16324,-1,-1,-2,-30,-29,-173;
-310,501,16349,-1,-1,-2,-30,-29,-173;
-307,503,16347,-1,0,-2,-30,-29,-173;
-305,507,16346,-1,-1,-2,-30,-29,-173;
-292,500,16361,-1,-1,-2,-30,-29,-173;
-273,501,16368,-2,-1,-2,-30,-30,-173;
-266,506,16370,-1,-1,-2,-30,-29,-173;
-270,509,16367,-1,-1,-3,-30,-29,-173;
-271,503,16378,0,-1,-3,-30,-29,-173;
-271,497,16382,0,-1,-2,-30,-28,-173;
-278,507,16390,0,0,-1,-30,-28,-173;
-277,509,16372,1,0,-1,-30,-28,-173;
-281,506,16371,1,0,-2,-30,-28,-173;
-284,510,16362,2,-1,-2,-30,-28,-172;
-287,524,16365,1,-1,-1,-30,-28,-173;
-297,529,16353,2,-1,-1,-30,-28,-173;
-298,535,16354,2,-1,-1,-30,-28,-173;
-298,536,16352,2,0,0,-30,-28,-173;
-293,540,16341,2,0,-1,-30,-28,-173;
-298,538,16340,1,-1,-1,-30,-28,-173;
-303,532,16326,2,-1,-1,-30,-28,-173;
-309,528,16340,2,-1,-2,-30,-28,-173;
-308,524,16346,1,-2,-1,-30,-28,-173;
-300,523,16350,0,-2,-1,-30,-28,-173;
-313,521,16347,0,-2,-1,-30,-29,-173;
-323,513,16348,1,-2,-2,-30,-29,-173;
-316,504,16346,1,-2,-2,-30,-30,-173;
-308,501,16343,-1,-2,-2,-30,-30,-173;
-313,498,16348,-1,-2,-2,-30,-30,-173;
-302,499,16362,-1,-2,-2,-30,-30,-173;
-293,504,16372,-1,-1,-2,-30,-30,-173;
-286,498,16376,-1,-1,-2,-30,-30,-173;
-276,508,16380,-1,-2,-2,-30,-30,-173;
-290,508,16382,-1,-2,-2,-30,-30,-173;
-289,507,16377,-1,-1,-2,-30,-30,-173;
-288,510,16377,-1,-1,-2,-30,-29,-173;
-305,513,16360,-1,-1,-2,-30,-29,-173;
-305,515,16360,0,-2,-2,-30,-28,-173;
-305,511,16361,1,-1,-2,-30,-28,-173;
-312,516,16360,1,-1,-2,-30,-28,-173;
-314,510,16361,1,-2,-2,-30,-28,-173;
-328,520,16367,1,-2,-2,-30,-28,-173;
-328,519,16367,1,-1,-2,-30,-29,-173;
-310,519,16360,1,-1,-2,-30,-29,-173;
-314,516,16348,2,-2,-2,-30,-28,-173;
-310,519,16339,2,-1,-2,-30,-29,-173;
-301,511,16353,1,-2,-1,-30,-29,-173;
-310,513,16366,1,-1,-1,-30,-29,-173;
-328,505,16360,0,-1,-1,-30,-30,-173;
-322,498,16372,0,-2,0,-30,-30,-174;
-328,510,16377,0,-2,0,-30,-30,-174;
-312,512,16372,1,-1,-1,-30,-30,-173;
-315,504,16363,0,-1,-1,-30,-30,-173;
-324,512,16367,1,-2,0,-30,-30,-173;
-313,518,16379,0,-2,0,-30,-30,-173;
-319,520,16376,1,-2,0,-29,-30,-173;
-322,522,16380,1,-2,-1,-29,-30,-173;
-315,527,16371,2,-2,-2,-29,-30,-173;
-298,542,16378,2,-3,-2,-29,-30,-173;
-296,542,16370,2,-2,-3,-29,-30,-173;
-294,535,16370,2,-3,-3,-29,-30,-172;
-301,538,16360,1,-4,-3,-29,-30,-172;
-304,540,16369,2,-4,-2,-29,-30,-172;
-306,528,16365,2,-3,-3,-29,-29,-172;
-311,526,16372,2,-3,-4,-30,-29,-172;
-306,524,16377,1,-2,-3,-30,-29,-172;
-304,533,16376,1,-2,-3,-30,-29,-172;
-301,518,16375,2,-3,-3,-30,-29,-172;
-297,507,16361,1,-4,-4,-30,-29,-172;
-294,512,16368,1,-4,-3,-30,-29,-172;
-303,518,16366,1,-3,-3,-30,-28,-173;
-299,513,16363,1,-3,-3,-30,-28,-173;
-300,511,16355,1,-3,-3,-30,-28,-173;
-302,510,16360,1,-3,-3,-30,-28,-173;
-294,508,16362,1,-4,-2,-30,-29,-173;
-296,503,16355,1,-4,-2,-30,-29,-173;
-301,496,16359,0,-4,-2,-30,-29,-173;
-302,508,16362,0,-3,-2,-30,-29,-173;
-304,514,16363,0,-2,-1,-30,-29,-173;
-312,515,16350,0,-2,-1,-30,-29,-173;
-300,506,16341,-1,-2,0,-30,-29,-173;
-306,510,16338,0,-3,0,-30,-29,-173;
-302,503,16344,0,-4,0,-30,-29,-173;
-305,512,16329,-1,-3,-1,-30,-29,-173;
-314,508,16328,0,-2,0,-30,-29,-173;
-308,516,16331,1,-2,-1,-30,-29,-173;
-297,524,16319,1,-2,-1,-30,-29,-173;
-310,514,16318,1,-2,0,-30,-29,-173;
-316,512,16338,1,-2,0,-30,-29,-173;
-327,506,16340,1,-3,0,-30,-29,-173;
-330,513,16347,1,-2,-1,-30,-29,-173;
-322,505,16352,1,-1,-1,-30,-29,-173;
-339,521,16367,1,0,-2,-30,-29,-173;
-332,518,16378,1,0,-1,-29,-29,-173;
-320,521,16365,1,-1,-1,-29,-29,-172;
-314,513,16370,0,-1,-2,-29,-30,-172;
-321,506,16357,1,-1,-1,-29,-30,-172;
-309,516,16352,1,-1,-2,-29,-30,-172;
-292,525,16339,0,-1,-2,-29,-30,-172;
-287,528,16326,0,-1,-2,-29,-30,-172;
-278,524,16326,0,-2,-2,-30,-30,-173;
-284,532,16333,0,-2,-2,-30,-30,-173;
-276,528,16313,1,-3,-2,-30,-30,-173;
-273,522,16312,1,-3,-2,-30,-30,-173;
-278,525,16307,1,-3,-2,-30,-29,-173;
-285,530,16297,2,-3,-2,-30,-29,-173;
-283,528,16327,2,-3,-2,-30,-29,-173;
-288,525,16344,1,-3,-2,-30,-29,-173;
-298,518,16348,1,-2,-2,-30,-28,-173;
-296,521,16364,1,-2,-1,-30,-28,-173;
-304,524,16356,2,-1,-1,-30,-28,-173;
-306,531,16356,2,-1,0,-30,-28,-173;
-297,526,16356,1,-1,1,-30,-28,-173;
-292,528,16368,1,0,0,-30,-28,-173;
-295,538,16375,1,-1,0,-30,-28,-173;
-302,525,16392,1,-1,-1,-29,-29,-173;
-316,521,16380,1,-1,-1,-30,-29,-173;
-315,510,16370,0,-2,-1,-30,-29,-173;
-315,516,16369,1,-2,-1,-30,-29,-172;
-316,514,16364,1,-2,-1,-29,-29,-172;
-311,500,16370,0,-2,-1,-29,-30,-172;
-312,490,16346,0,-3,-1,-29,-30,-172;
-310,493,16338,0,-3,-1,-29,-30,-172;
-320,493,16335,-1,-4,-1,-29,-30,-173;
-319,482,16345,-1,-3,0,-29,-30,-173;
-314,490,16331,-1,-3,0,-30,-30,-173;
-305,498,16344,-1,-3,0,-30,-29,-173;
-300,500,16339,-1,-3,0,-30,-30,-173;
-298,501,16338,-1,-3,0,-30,-30,-172;
-302,496,16329,-1,-2,-1,-30,-30,-172;
-312,506,16337,0,-2,-1,-30,-30,-172;
-302,504,16355,-1,-2,0,-30,-30,-172;
-314,503,16374,-1,-1,0,-30,-30,-173;
-327,507,16376,0,0,-1,-30,-29,-173;
-324,501,16368,0,-1,-1,-30,-30,-173;
-323,502,16381,-1,0,-1,-30,-30,-172;
-326,503,16358,-1,0,-1,-30,-30,-172;
-333,509,16358,0,0,-1,-30,-30,-173;
-336,504,16370,0,0,-1,-30,-29,-173;
-325,505,16380,0,-1,-1,-30,-29,-173;
-318,500,16384,0,-1,-1,-30,-29,-173;
-331,504,16398,-1,0,-1,-30,-29,-173;
-324,508,16382,0,-1,-2,-30,-29,-172;
-311,502,16386,0,-1,-2,-30,-29,-172;
-315,503,16382,1,-2,-2,-30,-29,-172;
-320,499,16382,2,-3,-2,-30,-29,-172;
-318,498,16401,2,-3,-2,-30,-29,-172;
-315,490,16405,2,-4,-1,-30,-29,-172;
-322,490,16390,2,-5,-1,-30,-29,-172;
-322,494,16381,1,-5,-1,-30,-29,-173;
-320,498,16368,1,-5,0,-30,-29,-173;
-319,498,16362,2,-5,-1,-30,-29,-173;
-326,497,16369,2,-5,0,-30,-29,-173;
-325,506,16347,2,-5,0,-30,-29,-173;
-318,512,16352,2,-5,0,-30,-29,-173;
-305,515,16341,1,-4,0,-30,-29,-173;
-297,520,16343,1,-4,0,-30,-29,-173;
-300,525,16351,1,-3,-1,-30,-29,-173;
-297,534,16340,1,-3,-1,-30,-30,-173;
-300,534,16342,1,-2,0,-30,-30,-173;
-299,535,16346,2,-3,-1,-30,-30,-172;
-307,523,16334,2,-2,-1,-30,-29,-172;
-294,522,16335,2,-1,-2,-30,-29,-172;
-299,526,16351,2,0,-2,-30,-29,-172;
-306,526,16357,2,0,-2,-30,-29,-172;
-325,526,16351,2,1,-3,-30,-29,-172;
-322,510,16340,2,1,-1,-30,-29,-172;
-329,517,16321,2,0,-1,-30,-29,-173;
-325,508,16336,2,0,-1,-30,-29,-173;
-327,512,16345,2,0,-1,-30,-28,-173;
-323,508,16333,2,0,-1,-30,-28,-173;
-314,519,16344,1,0,-1,-30,-29,-173;
-317,515,16351,1,0,-1,-30,-29,-173;
-310,509,16337,0,0,-1,-30,-29,-173;
-306,506,16349,0,0,-1,-30,-29,-173;
-291,506,16363,0,0,-1,-30,-29,-173;
-299,511,16384,0,-1,-2,-30,-29,-173;
-292,505,16402,0,-1,-2,-30,-29,-173;
-303,503,16402,-1,-1,-2,-30,-30,-173;
-302,496,16400,-1,-2,-2,-30,-30,-173;
-307,491,16411,-1,-1,-2,-30,-30,-173;
-299,487,16401,-1,-1,-2,-30,-30,-173;
-301,489,16401,-2,-2,-2,-30,-29,-173;
-306,502,16408,-2,-2,-2,-30,-29,-173;
-313,494,16396,-1,-3,-2,-30,-29,-173;
-324,501,16408,-1,-2,-2,-30,-29,-173;
-326,502,16394,-1,-1,-2,-30,-29,-173;
-325,503,16398,-2,-1,-2,-31,-29,-173;
-317,496,16404,-2,0,-2,-31,-29,-174;
-320,491,16396,-2,-1,-2,-31,-28,-174;
-326,497,16382,-1,-1,-2,-30,-28,-174;
-330,492,16374,-1,-1,-2,-30,-28,-174;
-326,494,16372,-1,-2,-2,-30,-28,-173;
-324,474,16369,0,-1,-2,-30,-28,-173;
-324,482,16370,0,-1,-2,-30,-28,-173;
-320,481,16367,1,-1,-2,-30,-28,-173;
-322,494,16361,1,-2,-2,-30,-27,-173;
-336,500,16356,2,-2,-2,-30,-27,-173;
-332,510,16344,2,-2,-2,-30,-27,-173;
-332,520,16348,2,-2,-2,-30,-27,-173;
-330,525,16364,1,-2,-1,-30,-28,-173;
-330,540,16378,1,-2,-2,-30,-28,-173;
-330,539,16387,1,-2,-2,-30,-29,-173;
-328,548,16399,1,-2,-1,-30,-29,-173;
-324,552,16390,0,-2,-1,-30,-29,-172;
-322,539,16377,-1,-1,0,-30,-29,-173;
-324,529,16366,0,-2,0,-30,-30,-173;
-308,525,16345,-1,-2,-1,-30,-30,-173;
-303,527,16346,0,-3,-1,-30,-30,-172;
-296,532,16337,0,-2,-1,-30,-31,-172;
-297,523,16332,0,-2,-1,-30,-30,-172;
-291,519,16323,0,-2,-1,-30,-30,-172;
-304,525,16308,0,-3,-1,-30,-29,-172;
-310,525,16302,0,-2,-1,-30,-29,-173;
-302,521,16288,1,-2,-1,-30,-29,-173;
-293,531,16285,1,-3,-2,-30,-29,-173;
-285,521,16304,1,-3,-2,-30,-29,-173;
-291,524,16317,2,-2,-1,-30,-29,-173;
-289,514,16317,2,-1,-1,-30,-29,-173;
-286,512,16336,2,-2,0,-30,-28,-173;
-278,514,16346,2,-1,-1,-30,-29,-172;
-278,508,16348,2,-1,-1,-30,-29,-172;
-269,504,16353,2,-1,-1,-30,-29,-172;
-251,498,16343,2,-2,0,-30,-29,-172;
-253,502,16372,2,-3,0,-30,-29,-172;
-266,511,16376,1,-2,0,-30,-30,-172;
-271,522,16366,1,-2,0,-30,-29,-172;
-266,524,16369,1,-1,0,-30,-29,-172;
-275,533,16372,1,-1,0,-30,-29,-172;
-276,528,16369,1,-1,0,-30,-30,-172;
-284,540,16366,1,-1,0,-30,-30,-172;
-274,541,16375,1,-1,0,-30,-30,-172;
-278,539,16375,1,-1,0,-30,-30,-172;
-306,534,16384,1,-1,-1,-30,-31,-172;
-312,534,16377,1,0,-1,-30,-30,-172;
-319,526,16386,2,-1,-1,-30,-30,-172;
-320,524,16386,2,-2,0,-30,-30,-172;
-317,520,16389,2,-2,-1,-30,-30,-172;
-317,525,16392,2,-3,-1,-30,-30,-172;
-321,526,16387,1,-3,-1,-30,-30,-172;
-326,524,16382,1,-3,-1,-30,-30,-172;
-340,529,16362,2,-3,-1,-30,-30,-172;
-340,534,16360,2,-3,-1,-30,-30,-173;
-318,538,16352,2,-2,0,-30,-29,-173;
-317,538,16355,1,-3,-1,-30,-30,-173;
-310,530,16354,1,-3,-1,-30,-30,-173;
-310,543,16357,1,-2,-2,-30,-30,-173;
-314,540,16362,1,-3,-2,-30,-30,-172;
-309,536,16368,1,-2,-3,-30,-30,-172;
-312,538,16383,1,-2,-3,-30,-30,-172;
-311,535,16385,0,-2,-3,-30,-30,-172;
-316,535,16392,0,-2,-3,-30,-30,-173;
-309,534,16393,0,-2,-2,-30,-30,-173;
-313,536,16415,0,-2,-3,-30,-30,-173;
-312,542,16407,0,-2,-2,-30,-30,-173;
-308,540,16412,0,-2,-3,-30,-30,-173;
-298,527,16412,0,-3,-2,-30,-30,-173;
-292,521,16401,0,-2,-2,-30,-30,-173;
-292,516,16380,1,-2,-2,-30,-30,-173;
-283,519,16365,1,-1,-2,-30,-30,-173;
-270,513,16352,2,-1,-1,-30,-30,-172;
-264,505,16354,2,-1,-1,-30,-30,-172;
-263,505,16350,2,-1,-1,-30,-30,-172;
-266,498,16324,2,-2,-2,-30,-30,-172;
-272,495,16322,2,-1,-2,-30,-30,-172;
-266,499,16312,1,-1,-2,-30,-30,-172;
-269,502,16319,1,-1,-2,-30,-30,-172;
-278,503,16323,1,-2,-1,-30,-29,-172;
-270,497,16329,1,-3,-2,-30,-29,-172;
-269,485,16326,1,-3,-2,-30,-30,-172;
-281,493,16347,1,-4,-2,-30,-30,-173;
-292,489,16356,0,-3,-2,-30,-30,-173;
-300,486,16362,0,-1,-2,-30,-29,-173;
-293,492,16368,0,-1,-1,-30,-29,-173;
-292,482,16364,1,-2,-2,-30,-29,-173;
-300,490,16357,1,-2,-1,-30,-29,-173;
-308,480,16334,1,-2,-1,-30,-29,-173;
-303,488,16332,1,-2,-1,-30,-30,-172;
-304,498,16343,1,-1,-1,-30,-29,-173;
-307,502,16341,1,-1,-1,-30,-29,-173;
-300,500,16330,1,-1,-1,-31,-29,-173;
-284,509,16336,0,-1,-1,-31,-29,-173;
-288,519,16341,1,-2,-1,-31,-29,-173;
-303,526,16362,0,-2,0,-31,-30,-173;
-299,536,16354,0,-1,0,-31,-30,-173;
-300,530,16349,1,-1,0,-30,-30,-172;
-298,547,16363,1,-1,-1,-30,-30,-173;
-306,544,16371,0,0,-1,-30,-30,-173;
-313,538,16371,0,-1,0,-30,-30,-173;
-325,539,16389,0,0,-1,-30,-30,-173;
-316,538,16375,1,-1,0,-29,-30,-173;
-318,540,16364,2,-1,0,-29,-30,-173;
-309,533,16358,2,-1,0,-29,-30,-173;
-302,524,16348,2,-1,0,-29,-30,-173;
-310,527,16374,3,-2,0,-29,-30,-173;
-312,529,16393,2,-2,0,-29,-30,-173;
-311,522,16387,2,-2,1,-29,-30,-173;
-303,519,16378,2,-3,0,-29,-30,-173;
-305,527,16370,2,-2,1,-29,-30,-173;
-302,533,16349,2,-3,1,-29,-30,-173;
-318,548,16371,1,-3,0,-29,-30,-173;
-325,536,16385,2,-3,0,-29,-30,-173;
-332,542,16379,2,-3,0,-30,-30,-173;
-336,550,16374,2,-3,-1,-30,-30,-173;
-328,541,16360,0,-2,0,-30,-30,-173;
-320,531,16346,1,-2,0,-30,-30,-173;
-320,531,16352,1,-2,0,-30,-30,-173;
-320,539,16354,1,-2,0,-30,-30,-173;
-314,534,16365,1,-2,-1,-30,-30,-173;
-307,524,16370,1,-2,-1,-30,-30,-173;
-308,511,16360,1,-1,-1,-30,-30,-173;
-307,523,16349,0,-2,-1,-30,-29,-173;
-296,518,16352,0,-2,-1,-30,-29,-173;
-302,514,16336,0,-2,-1,-30,-29,-173;
-292,508,16342,1,-2,-1,-30,-28,-173;
-296,507,16348,0,-1,-2,-30,-28,-173;
-289,514,16337,0,-2,-2,-30,-29,-173;
-282,511,16337,0,-2,-2,-30,-29,-173;
-286,510,16318,1,-2,-2,-30,-28,-173;
-300,503,16329,1,-2,-1,-30,-28,-173;
-299,504,16335,1,-2,-2,-30,-29,-173;
-298,503,16361,0,-2,-2,-30,-29,-173;
-311,502,16361,0,-2,-2,-29,-29,-173;
-310,496,16384,0,-2,-2,-30,-29,-173;
-320,506,16386,0,-2,-2,-30,-29,-173;
-312,513,16376,0,-3,-1,-30,-29,-173;
-313,509,16394,0,-2,-1,-29,-29,-173;
-318,511,16406,-1,-2,-1,-29,-29,-173;
-316,519,16406,0,-2,-1,-29,-29,-173;
-303,527,16408,0,-2,-1,-30,-29,-173;
-288,523,16394,0,-2,-1,-30,-29,-173;
-287,518,16354,0,-2,-1,-30,-28,-173;
-287,511,16367,0,-1,-1,-30,-28,-173;
-286,509,16359,1,-2,-2,-30,-28,-173;
-274,499,16357,1,-2,-2,-30,-28,-173;
-275,503,16369,1,-1,-2,-30,-28,-173;
-281,487,16361,1,-1,-2,-30,-28,-173;
-280,489,16367,1,-1,-2,-30,-29,-173;
-293,484,16374,1,0,-2,-30,-29,-173;
-294,487,16359,1,-1,-2,-30,-29,-173;
-290,495,16370,1,0,-2,-31,-29,-173;
-293,498,16363,1,0,-2,-31,-29,-173;
-277,511,16346,1,0,-1,-31,-29,-173;
-274,510,16358,1,0,-2,-30,-29,-173;
-298,514,16362,0,0,-2,-30,-30,-173;
-310,508,16358,0,-1,-2,-30,-30,-173;
-314,522,16360,0,-1,-2,-30,-30,-173;
-316,507,16346,0,-1,-1,-30,-30,-173;
-308,507,16335,0,-2,-2,-30,-30,-173;
-304,510,16338,0,-2,-2,-30,-30,-173;
-322,497,16339,0,-2,-2,-30,-30,-173;
-319,502,16362,0,-4,-2,-30,-30,-173;
-331,496,16360,1,-5,-2,-30,-30,-173;
-326,509,16336,1,-4,-2,-30,-30,-173;
-311,516,16328,1,-3,-2,-30,-30,-173;
-301,521,16340,1,-3,-2,-30,-29,-173;
-306,528,16332,2,-3,-1,-30,-29,-173;
-308,546,16329,1,-2,-2,-30,-29,-173;
-307,548,16346,1,-2,-2,-30,-29,-173;
-311,536,16352,1,-2,-2,-30,-29,-173;
-299,543,16353,2,-2,-1,-30,-29,-173;
-300,548,16357,2,-1,-1,-30,-29,-173;
-299,547,16366,1,0,-2,-30,-29,-173;
-298,542,16380,2,1,-2,-30,-29,-173;
-298,551,16390,1,0,-1,-30,-29,-173;
-296,553,16386,1,0,-2,-30,-30,-173;
-279,552,16404,0,0,-2,-30,-30,-173;
-273,545,16399,0,0,-2,-30,-30,-173;
-267,547,16403,0,0,-1,-30,-30,-173;
-260,548,16400,1,1,-1,-30,-30,-173;
-267,558,16406,0,0,-2,-30,-30,-173;
-264,549,16399,-1,0,-2,-30,-30,-173;
-273,546,16400,-1,-1,-1,-30,-30,-173;
-273,541,16392,-1,-1,-1,-30,-30,-173;
-289,528,16389,-1,-1,-1,-30,-30,-173;
-297,525,16397,0,-1,-1,-30,-29,-173;
-306,517,16391,0,-2,-1,-30,-29,-173;
-314,522,16385,1,-2,-2,-30,-29,-173;
-319,517,16354,0,-2,-2,-30,-29,-173;
-326,524,16355,0,-3,-2,-30,-29,-173;
-328,521,16328,0,-2,-1,-30,-29,-173;
-331,516,16320,1,-2,-1,-30,-29,-173;
-320,524,16335,1,-2,-1,-31,-29,-173;
-318,528,16343,1,-2,-1,-31,-29,-173;
-302,546,16334,1,-2,-1,-31,-30,-173;
-309,548,16328,1,-2,-1,-31,-30,-173;
-302,549,16307,1,-1,-1,-31,-29,-173;
-302,538,16309,1,-2,-1,-31,-29,-173;
-295,542,16331,1,-1,-1,-31,-29,-172;
-301,542,16356,1,-1,-2,-31,-30,-172;
-302,538,16378,1,-2,-3,-31,-30,-172;
-293,541,16391,1,-2,-3,-30,-30,-172;
-298,532,16373,0,-1,-3,-30,-29,-172;
-301,527,16370,0,-2,-3,-30,-29,-173;
-303,512,16365,-1,-1,-3,-30,-29,-173;
-296,514,16358,-1,-1,-3,-30,-29,-173;
-297,523,16370,0,-1,-3,-30,-29,-173;
-301,533,16369,0,-1,-4,-30,-29,-173;
-306,528,16366,0,-1,-3,-30,-29,-173;
-297,528,16328,0,0,-2,-30,-29,-173;
-307,533,16336,0,0,-2,-30,-29,-173;
-315,533,16317,0,-1,-2,-30,-29,-173;
-318,538,16324,1,0,-2,-30,-29,-173;
-322,537,16334,1,0,-2,-30,-29,-173;
-328,541,16339,2,-1,-2,-30,-29,-173;
-319,542,16348,2,0,-2,-30,-29,-173;
-322,542,16368,2,-1,-1,-30,-29,-173;
-325,533,16370,2,-1,-1,-30,-29,-173;
-322,539,16368,1,-1,-1,-30,-29,-173;
-334,542,16397,2,-2,-1,-30,-29,-173;
-338,534,16384,2,-2,-2,-30,-29,-173;
-342,540,16391,2,-2,-2,-30,-29,-173;
-336,538,16386,2,-3,-1,-30,-29,-173;
-336,549,16376,2,-3,-1,-30,-29,-173;
-317,544,16384,2,-3,-1,-30,-29,-173;
-320,543,16361,2,-2,-2,-30,-29,-173;
-327,543,16344,2,-3,-2,-30,-30,-173;
-319,534,16358,2,-2,-3,-30,-29,-173;
-312,528,16360,3,-2,-3,-30,-29,-173;
-305,524,16343,2,-1,-3,-30,-29,-173;
-285,523,16336,2,-2,-3,-30,-29,-173;
-286,522,16354,2,-2,-3,-30,-29,-173;
-275,524,16349,2,-2,-3,-30,-29,-173;
-273,521,16350,1,-2,-3,-30,-29,-172;
-288,528,16350,0,-2,-3,-30,-30,-172;
-301,526,16375,0,-2,-2,-30,-29,-172;
-293,521,16376,0,-2,-2,-30,-29,-172;
-286,536,16377,1,-2,-2,-30,-29,-172;
-294,530,16375,0,-1,-2,-30,-29,-172;
-281,527,16380,1,-1,-1,-30,-29,-172;
-276,525,16389,0,-1,-1,-30,-29,-172;
-273,521,16382,0,0,-1,-30,-30,-172;
-287,519,16392,0,0,-2,-30,-30,-172;
-291,507,16398,0,0,-2,-30,-30,-173;
-292,500,16396,0,-1,-2,-30,-30,-173;
-285,502,16383,0,-1,-2,-30,-30,-173;
-288,500,16396,0,-1,-2,-30,-30,-173;
-294,495,16391,0,-1,-2,-30,-30,-173;
-298,510,16390,0,-2,-2,-30,-30,-173;
-314,507,16392,-1,-2,-2,-30,-30,-173;
-329,512,16394,-1,-1,-2,-30,-29,-173;
-329,504,16392,-1,-1,-2,-30,-29,-173;
-323,510,16396,-1,-1,-1,-30,-29,-173;
-317,520,16387,-1,-2,-1,-30,-29,-173;
-317,520,16390,0,-2,-1,-30,-29,-173;
-313,516,16398,0,-2,-1,-30,-29,-173;
-321,522,16384,0,-1,-1,-30,-29,-173;
-316,522,16392,0,-1,-1,-30,-29,-174;
-288,510,16386,0,-1,-1,-30,-29,-174;
-281,508,16384,0,-1,-1,-30,-29,-174;
-266,506,16392,0,-2,-2,-30,-29,-173;
-272,517,16389,-1,-1,-2,-30,-29,-173;
-279,519,16376,-1,-1,-2,-30,-30,-173;
-285,522,16381,-1,0,-2,-30,-30,-173;
-296,516,16382,-1,0,-3,-30,-30,-173;
-296,514,16372,-1,0,-3,-30,-30,-173;
-291,508,16377,0,0,-3,-30,-30,-173;
-297,506,16362,0,0,-4,-30,-30,-173;
-319,505,16369,0,0,-3,-30,-30,-173;
-323,513,16361,1,0,-3,-30,-30,-173;
-327,508,16340,1,0,-3,-30,-30,-173;
-312,506,16340,1,0,-2,-30,-30,-173;
-307,500,16347,1,-1,-3,-30,-29,-173;
-303,490,16348,1,-1,-3,-30,-29,-173;
-294,497,16344,2,-2,-2,-30,-29,-173;
-299,498,16344,1,-2,-2,-30,-29,-173;
-303,504,16335,1,-2,-2,-30,-29,-173;
-300,509,16331,0,-2,-1,-30,-28,-173;
-296,514,16334,0,-2,-1,-30,-28,-173;
-298,517,16329,0,-2,-1,-30,-28,-173;
-295,522,16339,0,-2,0,-30,-28,-173;
-306,518,16340,0,-2,-1,-30,-28,-173;
-300,526,16336,-1,-1,-1,-30,-28,-173;
-294,529,16315,-1,-2,-1,-30,-28,-173;
-289,531,16303,-2,-2,-1,-30,-29,-173;
-285,544,16308,-1,-1,-1,-30,-29,-173;
-283,541,16316,-1,-1,-1,-30,-29,-173;
-282,545,16329,0,-2,-1,-30,-29,-173;
-290,550,16326,-1,0,0,-30,-29,-172;
-292,548,16338,0,-1,0,-30,-29,-172;
-291,541,16349,0,-1,0,-30,-29,-172;
-298,541,16335,0,-1,0,-30,-29,-171;
-296,530,16337,0,-1,0,-30,-29,-171;
-304,525,16352,0,0,0,-30,-30,-171;
-313,523,16366,0,0,0,-30,-30,-171;
-313,502,16374,-1,-1,0,-30,-29,-171;
-311,502,16364,0,-1,-1,-30,-29,-171;
-316,492,16341,0,0,-1,-30,-29,-172;
-314,490,16344,-1,-1,-2,-30,-29,-172;
-321,499,16333,-1,0,-3,-30,-29,-172;
-336,502,16327,0,0,-3,-30,-29,-172;
-336,506,16341,0,-1,-4,-30,-29,-173;
-341,505,16344,0,-1,-4,-30,-29,-173;
-335,502,16350,1,-1,-3,-30,-28,-173;
-335,514,16350,1,-1,-2,-30,-28,-173;
-332,526,16345,1,0,-3,-30,-28,-173;
-321,515,16348,1,0,-3,-30,-28,-173;
-317,508,16364,1,-1,-2,-30,-29,-173;
-315,509,16371,1,-1,-2,-30,-29,-173;
-312,506,16373,2,-2,-2,-30,-29,-173;
-300,513,16358,1,-1,-2,-30,-29,-173;
-292,506,16354,1,-1,-2,-30,-29,-173;
-300,514,16349,2,0,-2,-30,-29,-173;
-297,524,16343,1,-2,-2,-30,-29,-173;
-286,513,16347,1,-1,-3,-30,-29,-173;
-288,507,16350,1,-1,-2,-30,-29,-173;
-289,515,16370,1,0,-2,-30,-29,-173;
-286,521,16371,1,0,-2,-30,-29,-173;
-290,508,16370,0,0,-2,-30,-29,-173;
-290,492,16364,0,1,-1,-30,-29,-173;
-292,486,16384,0,0,-2,-30,-28,-174;
-295,486,16384,0,-1,-2,-30,-28,-174;
-302,485,16392,0,-1,-1,-31,-28,-173;
-299,479,16399,0,-1,-2,-31,-29,-173;
-306,480,16389,1,-2,-1,-31,-28,-173;
-303,490,16392,1,-2,-2,-31,-28,-173;
-314,487,16372,1,-3,-1,-31,-28,-173;
-321,489,16382,1,-3,-2,-31,-29,-173;
-323,505,16386,1,-2,-2,-30,-29,-172;
-320,518,16404,1,-2,-2,-30,-29,-172;
-333,528,16396,2,-1,-2,-30,-29,-172;
-323,532,16406,2,-1,-2,-30,-30,-171;
-312,536,16399,2,-1,-2,-30,-30,-171;
-321,528,16391,2,-1,-2,-30,-30,-171;
-321,534,16390,1,0,-2,-30,-30,-172;
-325,525,16384,1,0,-1,-30,-30,-172;
-329,526,16398,1,0,-2,-30,-30,-172;
-329,531,16388,1,0,-1,-29,-30,-172;
-322,515,16384,1,-1,-1,-29,-30,-172;
-319,516,16382,1,-1,-1,-29,-30,-172;
-313,513,16388,1,-1,-1,-29,-30,-172;
-315,512,16382,1,-1,-1,-29,-29,-173;
-320,517,16382,1,-1,-2,-30,-29,-173;
-325,533,16386,1,0,-1,-30,-29,-173;
-321,523,16399,1,-1,-1,-30,-29,-173;
-322,523,16378,0,-1,-2,-30,-29,-173;
-318,530,16393,0,-2,-1,-30,-29,-173;
-321,534,16398,-1,-1,-1,-30,-29,-172;
-331,547,16403,-1,-1,-1,-30,-28,-173;
-342,541,16390,-1,-1,-1,-31,-28,-173;
-354,527,16387,-1,-1,-1,-30,-28,-173;
-354,530,16382,-1,-1,-1,-30,-29,-172;
-345,515,16389,-1,-2,0,-30,-29,-172;
-332,515,16383,-1,-2,-1,-30,-29,-173;
-338,514,16388,-1,-1,-1,-30,-29,-173;
-338,513,16399,-1,-1,0,-30,-29,-173;
-328,503,16383,-1,-1,0,-30,-29,-173;
-318,492,16383,-1,-1,-1,-30,-29,-173;
-318,483,16373,0,-1,0,-30,-29,-173;
-308,478,16373,0,-1,0,-30,-29,-173;
-293,490,16366,0,-2,0,-30,-29,-173;
-292,493,16368,0,-1,-1,-30,-29,-173;
-302,494,16377,0,-1,-1,-30,-29,-173;
-310,483,16374,0,-1,-1,-30,-29,-173;
-306,486,16372,0,-1,-1,-30,-29,-173;
-300,483,16378,0,-1,-1,-30,-29,-173;
-306,489,16372,0,0,-1,-30,-29,-173;
-314,487,16358,0,0,-2,-30,-29,-173;
-309,494,16356,0,0,-2,-30,-29,-173;
-293,496,16366,0,0,-2,-30,-29,-173;
-296,491,16372,0,0,-2,-30,-29,-173;
-302,482,16380,0,-1,-2,-30,-29,-173;
-300,477,16358,0,-1,-2,-30,-29,-173;
-305,486,16358,-1,-2,-2,-30,-29,-173;
-307,487,16340,0,-2,-3,-30,-29,-173;
-316,501,16354,0,-2,-3,-30,-29,-173;
-312,502,16354,0,-2,-3,-30,-29,-173;
-300,498,16369,0,-2,-3,-30,-29,-173;
-292,488,16382,1,-2,-3,-30,-29,-173;
-300,492,16377,0,-2,-3,-30,-29,-173;
-290,485,16382,1,-2,-2,-30,-29,-173;
-292,494,16388,1,-2,-3,-30,-29,-173;
-292,501,16387,1,-2,-3,-30,-29,-173;
-289,498,16399,1,-2,-3,-30,-29,-173;
-296,501,16413,0,-2,-2,-30,-29,-173;
-292,491,16389,0,-3,-2,-30,-29,-173;
-288,499,16386,0,-2,-2,-30,-29,-173;
-296,509,16394,-1,-3,-3,-30,-30,-173;
-294,521,16375,0,-2,-3,-30,-30,-173;
-303,522,16380,0,-3,-3,-30,-30,-173;
-310,527,16378,0,-3,-3,-30,-30,-173;
-310,518,16382,0,-1,-3,-30,-29,-173;
-298,523,16389,0,-1,-3,-30,-29,-173;
-304,524,16376,1,-1,-3,-30,-29,-173;
-295,523,16374,1,-1,-2,-30,-29,-172;
-302,526,16402,1,0,-3,-30,-30,-172;
-315,522,16392,2,-1,-2,-30,-30,-172;
-322,529,16384,1,-1,-1,-30,-30,-173;
-324,528,16390,1,-2,-1,-30,-30,-173;
-321,531,16395,0,-1,0,-30,-30,-173;
-316,533,16400,0,-1,-1,-30,-30,-173;
-314,539,16372,0,-2,-1,-30,-30,-173;
-319,534,16380,0,-2,0,-30,-30,-173;
-306,533,16410,-1,-2,0,-30,-30,-173;
-299,520,16398,-1,-2,0,-30,-30,-173;
-287,515,16374,-1,-3,0,-30,-29,-173;
-278,511,16389,-1,-3,0,-30,-29,-173;
-275,500,16377,0,-1,0,-30,-29,-172;
-286,488,16388,0,-2,-1,-30,-29,-172;
-276,492,16375,1,-2,-1,-30,-29,-172;
-283,502,16359,0,-1,-1,-30,-28,-173;
-288,496,16370,0,0,-1,-30,-28,-173;
-298,511,16356,1,0,-1,-30,-28,-173;
-308,504,16338,1,0,-1,-30,-29,-173;
-308,521,16336,1,0,-1,-30,-29,-172;
-319,522,16345,1,0,-1,-31,-29,-172;
-321,522,16336,2,1,-2,-31,-29,-172;
-322,525,16344,1,0,-2,-31,-29,-172;
-318,541,16342,1,1,-2,-31,-29,-172;
-319,530,16338,1,1,-2,-31,-29,-172;
-319,516,16345,1,1,-2,-31,-29,-172;
-313,517,16335,1,1,-2,-31,-29,-172;
-306,507,16340,1,0,-2,-31,-29,-172;
-298,512,16340,1,0,-2,-30,-29,-173;
-306,500,16354,0,1,-2,-30,-29,-173;
-301,504,16360,0,1,-2,-30,-29,-173;
-302,495,16367,0,0,-2,-30,-29,-173;
-295,488,16364,0,0,-2,-30,-29,-173;
-294,481,16347,0,-1,-1,-30,-29,-173;
-306,483,16355,1,-2,-1,-30,-29,-173;
-307,490,16358,1,-2,-1,-30,-29,-173;
-309,495,16366,1,-2,-1,-30,-29,-172;
-322,491,16373,1,-2,-1,-30,-29,-171;
-319,500,16375,1,-3,-1,-30,-29,-170;
-309,511,16372,2,-3,0,-29,-29,-170;
-306,510,16381,2,-3,0,-29,-29,-170;
-302,518,16378,2,-3,0,-29,-29,-170;
-304,520,16383,2,-3,0,-29,-29,-170;
-299,508,16384,2,-3,0,-29,-29,-170;
-292,509,16386,1,-3,-1,-29,-29,-170;
-292,504,16390,2,-3,0,-30,-29,-170;
-286,504,16400,2,-3,0,-30,-29,-171;
-271,508,16387,2,-3,-1,-30,-29,-172;
-283,504,16375,2,-2,-1,-30,-29,-173;
-292,493,16349,2,-2,-1,-30,-29,-173;
-290,493,16342,2,-3,-1,-30,-30,-173;
-296,494,16345,1,-2,-1,-30,-30,-173;
-304,505,16336,1,-2,-1,-30,-30,-173;
-300,516,16346,1,-3,-1,-30,-30,-173;
-304,507,16351,1,-1,-1,-30,-29,-173;
-309,509,16342,1,-2,-1,-30,-29,-173;
-314,502,16326,1,-3,-2,-30,-29,-173;
-316,498,16342,1,-3,-1,-30,-29,-173;
-312,498,16344,1,-3,-1,-30,-30,-173;
-315,499,16369,1,-4,-1,-30,-30,-173;
-324,499,16368,1,-3,-1,-30,-29,-173;
-330,502,16368,1,-3,-2,-30,-29,-172;
-326,504,16356,1,-3,-2,-30,-29,-172;
-330,505,16359,0,-3,-2,-30,-29,-172;
-323,509,16355,0,-3,-2,-30,-29,-172;
-323,513,16361,1,-3,-2,-30,-30,-172;
-329,516,16377,1,-2,-1,-30,-30,-172;
-327,518,16356,1,-2,-2,-30,-30,-172;
-323,516,16350,0,-3,-2,-30,-29,-172;
-312,528,16356,0,-2,-2,-30,-29,-173;
-311,524,16362,0,-3,-2,-30,-29,-173;
-316,518,16359,0,-3,-2,-30,-29,-173;
-313,513,16367,0,-3,-1,-30,-29,-172;
-314,516,16362,0,-3,-1,-30,-29,-173;
-307,521,16369,0,-2,-1,-29,-29,-173;
-306,518,16380,0,-2,-1,-29,-29,-173;
-303,512,16380,-1,-3,-2,-29,-29,-173;
-310,510,16392,-1,-2,-2,-28,-29,-173;
-318,504,16393,0,-2,-2,-29,-29,-173;
-325,495,16379,0,-1,-2,-29,-29,-173;
-314,496,16370,0,-1,-2,-29,-29,-173;
-305,500,16371,0,-1,-2,-29,-29,-173;
-302,499,16387,-1,0,-2,-29,-29,-173;
-310,488,16395,-1,0,-2,-29,-29,-173;
-327,497,16398,-1,0,-2,-29,-28,-173;
-324,492,16390,-1,0,-2,-29,-28,-173;
-325,509,16382,-1,0,-2,-30,-28,-174;
-314,512,16384,-1,1,-2,-30,-28,-174;
-308,513,16386,0,0,-3,-30,-28,-174;
-316,508,16380,0,-1,-2,-30,-28,-174;
-326,514,16381,0,0,-2,-30,-28,-174;
-322,512,16375,1,1,-2,-30,-29,-174;
-328,507,16350,1,1,-2,-30,-29,-174;
-328,518,16348,1,1,-2,-31,-29,-174;
-315,500,16330,2,1,-2,-30,-29,-174;
-320,499,16336,2,1,-2,-30,-29,-174;
-316,499,16339,2,1,-2,-30,-29,-174;
-335,506,16320,2,1,-1,-30,-29,-174;
-333,519,16333,1,0,-2,-30,-29,-173;
-333,517,16346,0,1,-2,-30,-30,-173;
-335,506,16336,0,0,-3,-30,-30,-173;
-338,513,16340,0,-1,-2,-30,-30,-173;
-342,512,16362,0,-1,-1,-30,-30,-173;
-342,512,16367,0,-1,-2,-30,-30,-173;
-351,520,16372,0,-1,-2,-30,-30,-173;
-345,526,16356,0,-2,-2,-30,-30,-173;
-345,512,16348,0,-2,-1,-30,-29,-173;
-334,502,16353,0,-3,-1,-30,-29,-173;
-335,496,16337,0,-2,-1,-30,-29,-173;
-329,498,16336,1,-2,-1,-30,-29,-173;
-328,497,16349,1,-2,0,-30,-29,-173;
-323,498,16346,0,-3,0,-30,-29,-173;
-313,492,16340,-1,-3,-1,-30,-29,-172;
-315,494,16339,-1,-3,-1,-30,-29,-172;
-310,487,16348,-1,-4,0,-30,-29,-172;
-302,486,16360,-1,-3,-1,-30,-29,-172;
-310,493,16358,-1,-4,-1,-30,-30,-172;
-317,502,16361,-1,-4,-2,-30,-30,-172;
-318,493,16363,-1,-4,-2,-30,-30,-172;
-318,500,16356,-1,-3,-2,-31,-29,-173;
-314,506,16336,-1,-2,-2,-31,-29,-173;
-327,497,16350,0,-3,-2,-31,-29,-173;
-337,501,16347,0,-3,-2,-31,-30,-173;
-340,502,16340,0,-3,-2,-30,-30,-173;
-344,512,16333,0,-3,-2,-30,-30,-173;
-344,518,16332,0,-3,-3,-30,-30,-173;
-342,520,16345,1,-3,-3,-30,-29,-173;
-334,509,16354,1,-2,-2,-30,-29,-173;
-318,524,16366,1,-2,-2,-30,-29,-172;
-316,524,16370,0,-3,-2,-30,-30,-172;
-310,531,16371,0,-3,-2,-30,-30,-172;
-304,538,16356,0,-1,-2,-30,-30,-172;
-296,548,16366,0,-1,-2,-30,-30,-172;
-287,539,16370,-1,-2,-2,-30,-29,-173;
-285,534,16363,0,-1,-2,-30,-29,-173;
-299,527,16355,-1,-1,-1,-30,-29,-173;
-282,526,16344,-1,-1,-1,-30,-29,-173;
-287,524,16358,-1,-1,-2,-30,-29,-173;
-306,511,16352,-1,-1,-2,-30,-29,-173;
-306,514,16358,0,-1,-1,-30,-29,-173;
-304,512,16370,0,-1,-1,-30,-29,-173;
-304,511,16362,0,-2,-1,-30,-29,-173;
-304,504,16358,0,-2,-1,-30,-29,-173;
-304,503,16348,1,-2,-1,-30,-29,-173;
-304,505,16348,1,-2,-1,-30,-29,-173;
-288,513,16356,1,-1,-1,-30,-29,-173;
-300,510,16358,1,-2,-1,-30,-29,-173;
-291,517,16346,1,-2,-1,-30,-29,-173;
-282,520,16353,1,-2,-1,-30,-29,-173;
-280,521,16346,1,-1,-2,-30,-29,-173;
-277,521,16354,1,-1,-2,-30,-29,-173;
-275,516,16361,1,-2,-2,-30,-29,-173;
-276,519,16355,1,-1,-2,-30,-29,-173;
-274,517,16370,1,-1,-1,-30,-29,-172;
-280,520,16374,0,-1,-1,-30,-28,-172;
-278,514,16362,0,-1,-1,-30,-28,-172;
-270,516,16365,-1,0,-2,-30,-28,-173;
-274,507,16354,-1,-1,-2,-30,-28,-173;
-286,510,16357,0,-2,-2,-30,-28,-173;
-281,507,16368,-1,-3,-2,-30,-28,-173;
-282,504,16374,0,-4,-1,-30,-28,-173;
-281,501,16372,-1,-3,-1,-30,-28,-173;
-287,502,16382,0,-3,-1,-30,-28,-173;
-296,505,16370,0,-3,-2,-30,-29,-173;
-290,505,16371,0,-3,-2,-30,-29,-173;
-299,511,16384,0,-3,-2,-30,-29,-173;
-303,511,16382,1,-3,-2,-30,-30,-173;
-317,508,16373,1,-2,-2,-30,-30,-173;
-318,506,16372,0,-1,-2,-30,-29,-173;
-322,509,16360,0,0,-2,-30,-29,-173;
-319,515,16341,1,0,-2,-30,-30,-173;
-330,516,16344,1,0,-2,-30,-30,-173;
-325,522,16332,1,0,-1,-30,-30,-173;
-321,521,16344,0,-1,-1,-29,-29,-173;
-323,514,16347,0,-1,-1,-29,-29,-173;
-327,516,16358,1,-2,-2,-29,-29,-173;
-326,516,16356,1,-2,0,-30,-29,-173;
-308,527,16375,1,-2,0,-30,-28,-173;
-306,529,16360,1,-2,0,-30,-28,-173;
-310,522,16366,2,-3,0,-30,-28,-173;
-320,515,16381,1,-3,-1,-30,-29,-173;
-308,508,16378,1,-4,-1,-30,-29,-173;
-306,495,16374,1,-4,-1,-30,-29,-173;
-295,501,16380,2,-3,-1,-30,-29,-173;
-296,490,16385,2,-4,-1,-31,-29,-173;
-294,485,16371,2,-4,0,-31,-29,-173;
-299,478,16370,1,-4,-1,-30,-29,-173;
-299,478,16349,2,-3,-2,-30,-29,-173;
-304,478,16372,1,-4,-2,-30,-30,-173;
-294,477,16369,1,-3,-2,-30,-30,-173;
-297,484,16353,2,-3,-2,-30,-30,-173;
-299,495,16344,2,-3,-1,-30,-30,-173;
-303,503,16356,2,-3,-1,-30,-30,-173;
-310,496,16343,2,-2,-1,-29,-30,-173;
-303,502,16342,1,-2,-2,-29,-30,-173;
-305,498,16345,1,-1,-2,-29,-30,-173;
-301,498,16340,1,-2,-2,-29,-30,-173;
-313,500,16364,1,-1,-2,-29,-31,-173;
-298,494,16343,1,-1,-2,-30,-30,-173;
-293,493,16338,1,-1,-2,-30,-30,-173;
-293,476,16336,0,-1,-2,-30,-30,-173;
-292,482,16353,0,0,-2,-30,-30,-173;
-298,480,16364,-1,0,-1,-30,-30,-173;
-299,486,16348,-1,0,-2,-30,-30,-173;
-308,497,16350,0,0,-1,-30,-30,-172;
-310,500,16345,0,0,-1,-31,-30,-172;
-302,508,16351,1,0,-1,-31,-30,-172;
-293,501,16324,0,0,-1,-30,-29,-172;
-292,514,16340,0,0,-1,-30,-29,-172;
-297,515,16364,0,-1,-1,-30,-29,-172;
-294,526,16380,0,-1,-1,-30,-29,-172;
-285,519,16390,0,-1,-2,-30,-29,-172;
-276,526,16387,0,-2,-2,-30,-29,-172;
-280,520,16391,0,-2,-1,-30,-29,-172;
-268,514,16385,-1,-2,-1,-30,-29,-172;
-260,506,16396,-1,-2,0,-30,-29,-172;
-266,500,16404,-2,-2,-1,-30,-29,-173;
-271,507,16423,-1,-2,0,-30,-29,-173;
-271,506,16407,-2,-2,0,-30,-29,-173;
-271,504,16394,-1,-1,0,-30,-29,-173;
-270,510,16385,-1,-1,0,-30,-29,-173;
-266,510,16370,-1,-2,0,-30,-28,-173;
-258,491,16359,-1,-2,0,-30,-28,-173;
-252,493,16379,0,-2,-1,-30,-28,-173;
-261,486,16379,1,-2,-1,-30,-28,-173;
-269,501,16373,1,-2,-2,-30,-28,-173;
-274,516,16354,1,-1,-1,-30,-28,-173;
-273,507,16352,1,-1,-2,-30,-28,-173;
-289,497,16353,2,-2,-2,-30,-28,-173;
-313,415,16345,0,-2,5,-30,-28,-172;
-359,271,16324,-10,1,32,-30,-29,-172;
-366,317,16314,-12,3,56,-30,-29,-172;
-370,318,16335,-14,4,79,-30,-29,-172;
-368,284,16331,-17,5,106,-30,-29,-172;
-470,327,16332,-20,6,125,-31,-29,-173;
-523,363,16323,-18,5,80,-30,-29,-173;
-469,349,16363,-14,4,7,-30,-29,-173;
-471,352,16368,-11,1,-51,-30,-29,-173;
-470,364,16367,-4,-2,-118,-30,-29,-173;
-474,474,16370,-1,-4,-191,-30,-29,-173;
-416,642,16376,8,-7,-286,-30,-29,-173;
-437,629,16384,13,-10,-369,-30,-29,-173;
-443,658,16371,17,-10,-453,-30,-29,-173;
-399,715,16348,22,-10,-539,-30,-29,-173;
-261,682,16360,24,-10,-607,-30,-28,-173;
-169,624,16366,24,-9,-593,-30,-28,-173;
-195,624,16355,22,-9,-542,-30,-29,-172;
-178,625,16358,20,-6,-496,-29,-29,-172;
-170,617,16350,13,-1,-438,-29,-29,-172;
-136,602,16346,14,0,-378,-29,-29,-172;
-141,567,16366,16,-1,-318,-29,-29,-172;
-137,540,16377,13,0,-264,-29,-29,-172;
-134,518,16382,12,-1,-208,-29,-30,-172;
-184,489,16401,10,-3,-150,-29,-30,-172;
-210,490,16399,11,-3,-103,-29,-30,-172;
-240,507,16388,10,-3,-72,-29,-30,-172;
-265,506,16360,8,-4,-47,-29,-30,-172;
-258,499,16358,8,-4,-34,-30,-30,-173;
-256,472,16364,7,-4,-21,-30,-30,-173;
-263,474,16377,6,-4,-9,-30,-30,-173;
-264,493,16378,6,-4,-1,-30,-30,-173;
-254,499,16382,5,-3,5,-30,-31,-173;
-242,515,16367,4,-3,7,-30,-31,-173;
-236,534,16375,4,-2,6,-30,-31,-173;
-248,538,16373,3,-3,6,-30,-31,-173;
-250,542,16388,3,-3,6,-30,-31,-173;
-256,540,16396,2,-2,4,-30,-31,-173;
-282,543,16398,2,-1,2,-30,-30,-173;
-279,564,16406,2,-1,-2,-30,-30,-173;
-282,553,16399,1,-1,-8,-30,-30,-173;
-294,517,16406,1,-1,-11,-30,-30,-173;
-290,502,16402,0,-1,-17,-30,-29,-173;
-312,492,16403,1,-1,-20,-30,-29,-173;
-324,478,16386,1,-2,-24,-30,-29,-173;
-324,475,16361,1,-1,-28,-30,-30,-172;
-325,461,16352,2,-2,-33,-30,-30,-172;
-315,479,16358,2,-2,-39,-30,-30,-172;
-316,489,16350,2,-2,-45,-30,-30,-172;
-315,516,16350,2,-2,-49,-30,-30,-172;
-310,517,16342,3,-2,-50,-30,-30,-172;
-308,537,16336,3,-3,-50,-30,-29,-172;
-318,540,16319,4,-2,-48,-30,-29,-172;
-308,545,16314,4,-1,-46,-30,-29,-172;
-304,548,16328,4,-2,-44,-30,-29,-172;
-305,549,16340,4,-2,-44,-30,-29,-172;
-306,554,16342,5,-2,-40,-30,-29,-172;
-324,542,16349,4,-2,-35,-30,-29,-172;
-333,535,16355,4,-2,-30,-30,-29,-172;
-339,518,16357,3,-3,-27,-30,-29,-172;
-352,520,16353,3,-3,-27,-30,-30,-172;
-351,516,16349,4,-3,-28,-30,-30,-172;
-336,513,16349,4,-3,-27,-30,-30,-172;
-345,503,16362,3,-4,-26,-30,-30,-172;
-337,501,16364,3,-4,-22,-30,-30,-172;
-345,504,16370,2,-4,-19,-30,-30,-172;
-337,514,16376,2,-4,-18,-30,-30,-173;
-313,509,16364,1,-4,-17,-30,-30,-173;
-298,512,16364,2,-4,-17,-30,-30,-173;
-300,520,16352,2,-4,-17,-30,-30,-173;
-290,520,16379,1,-3,-17,-30,-30,-173;
-302,519,16393,1,-3,-15,-30,-30,-173;
-313,525,16407,0,-3,-14,-30,-30,-173;
-319,536,16410,0,-4,-13,-30,-30,-173;
-327,534,16391,0,-3,-15,-30,-30,-173;
-319,546,16386,0,-2,-19,-30,-30,-172;
-327,540,16382,0,-2,-22,-30,-30,-172;
-334,540,16385,0,-1,-25,-29,-30,-173;
-336,541,16396,0,-2,-28,-29,-30,-173;
-340,534,16409,0,-2,-28,-29,-30,-173;
-342,536,16406,0,-2,-28,-29,-30,-173;
-336,548,16379,-1,-2,-27,-29,-29,-173;
-335,555,16380,0,-2,-25,-29,-30,-173;
-325,553,16372,0,-2,-25,-29,-30,-173;
-327,544,16398,-1,-3,-25,-29,-30,-173;
-323,521,16395,0,-5,-26,-29,-30,-173;
-315,525,16396,1,-5,-24,-29,-30,-173;
-327,523,16394,0,-5,-24,-29,-30,-172;
-324,526,16385,0,-5,-23,-29,-30,-172;
-311,528,16369,0,-5,-22,-29,-30,-172;
-306,532,16362,1,-5,-21,-30,-30,-172;
-304,528,16371,1,-4,-21,-30,-30,-172;
-306,519,16377,1,-4,-21,-30,-30,-172;
-303,508,16373,1,-4,-20,-30,-30,-172;
-300,529,16348,1,-3,-17,-30,-30,-172;
-298,538,16351,1,-3,-10,-30,-30,-172;
-306,531,16356,1,-3,-9,-30,-31,-172;
-299,536,16362,1,-3,-5,-30,-31,-172;
-307,541,16347,1,-3,-2,-30,-31,-172;
-316,544,16356,1,-3,-2,-30,-31,-171;
-327,534,16347,1,-4,-2,-30,-31,-171;
-330,528,16350,0,-3,-2,-29,-31,-171;
-321,533,16345,0,-3,-1,-29,-31,-171;
-329,540,16345,0,-3,-1,-29,-31,-171;
-327,527,16358,0,-4,-2,-29,-30,-171;
-337,522,16366,0,-3,-2,-29,-30,-171;
-332,520,16362,0,-3,-1,-29,-30,-171;
-339,522,16352,0,-3,-1,-29,-30,-171;
-324,516,16352,0,-1,-1,-29,-30,-172;
-321,504,16370,0,-1,0,-29,-29,-172;
-313,516,16376,0,-1,0,-29,-29,-172;
-315,513,16372,0,-2,-1,-29,-30,-172;
-319,513,16363,1,-1,-1,-29,-30,-172;
-308,506,16357,1,-1,-2,-29,-30,-172;
-292,514,16342,1,-1,-1,-29,-30,-173;
-294,520,16331,1,-1,-1,-29,-30,-173;
-306,530,16342,0,-1,-1,-29,-30,-173;
-295,532,16345,1,0,-2,-29,-30,-173;
-295,539,16358,0,-1,-2,-29,-30,-173;
-293,540,16352,1,-1,-3,-29,-30,-173;
-300,533,16342,1,0,-3,-30,-30,-173;
-297,536,16351,1,0,-3,-30,-30,-173;
-297,531,16352,1,0,-3,-30,-30,-173;
-303,539,16366,1,0,-2,-30,-30,-173;
-323,526,16376,1,0,-3,-30,-30,-172;
-318,526,16366,1,-1,-3,-30,-30,-172;
-318,518,16355,1,-1,-3,-30,-30,-172;
-323,518,16350,0,-2,-4,-30,-30,-172;
-325,515,16344,1,-3,-5,-30,-30,-172;
-318,518,16343,1,-4,-5,-30,-29,-172;
-316,523,16352,1,-4,-5,-30,-29,-172;
-317,521,16350,1,-4,-5,-30,-29,-172;
-310,526,16349,1,-5,-6,-30,-30,-172;
-312,523,16348,1,-5,-7,-29,-30,-172;
-296,536,16355,1,-4,-7,-29,-30,-172;
-299,538,16374,2,-3,-7,-29,-31,-172;
-292,537,16382,2,-2,-7,-29,-31,-172;
-289,543,16399,2,-2,-6,-29,-31,-172;
-296,541,16420,2,-2,-5,-29,-31,-172;
-309,548,16408,2,-1,-4,-29,-31,-172;
-309,531,16415,2,0,-4,-29,-32,-172;
-308,538,16411,2,0,-4,-29,-32,-172;
-313,538,16428,2,0,-3,-30,-32,-172;
-322,534,16423,2,0,-4,-30,-31,-172;
-327,533,16415,2,-1,-5,-30,-31,-172;
-323,538,16409,3,-1,-5,-30,-31,-172;
-333,546,16415,2,-2,-4,-30,-31,-172;
-326,536,16400,2,-3,-3,-30,-30,-172;
-324,526,16386,2,-3,-1,-30,-30,-172;
-315,519,16398,2,-4,-1,-30,-30,-172;
-309,530,16398,2,-4,0,-30,-30,-172;
-299,530,16392,2,-4,1,-30,-29,-172;
-293,529,16371,1,-4,2,-30,-29,-172;
-281,533,16380,1,-4,4,-30,-29,-172;
-282,534,16372,0,-3,5,-30,-29,-172;
-284,516,16369,0,-2,5,-30,-30,-172;
-275,525,16364,1,-1,5,-30,-30,-172;
-285,523,16385,1,-1,4,-29,-30,-172;
-279,533,16382,1,-1,2,-30,-30,-172;
-287,543,16380,1,-1,1,-30,-30,-172;
-286,542,16363,1,-1,1,-30,-31,-173;
-292,533,16362,0,-2,0,-30,-31,-173;
-305,521,16383,1,-1,0,-30,-31,-173;
-317,505,16372,0,-1,1,-30,-31,-173;
-317,495,16374,0,-1,4,-30,-31,-173;
-310,498,16378,-1,-2,8,-30,-31,-173;
-310,491,16369,-3,-2,13,-30,-31,-173;
-300,496,16364,-4,-1,18,-30,-31,-173;
-294,489,16360,-6,-1,25,-30,-31,-172;
-290,488,16358,-7,0,30,-30,-30,-172;
-292,488,16376,-8,0,36,-30,-30,-172;
-296,493,16378,-8,1,41,-30,-30,-172;
-285,516,16365,-10,0,45,-30,-30,-172;
-265,535,16378,-10,0,48,-30,-29,-172;
-258,550,16389,-10,0,48,-30,-29,-172;
-258,556,16377,-10,0,47,-30,-29,-172;
-252,546,16371,-9,1,45,-30,-29,-172;
-246,539,16365,-9,1,42,-30,-29,-173;
-260,543,16365,-8,1,38,-30,-29,-173;
-258,534,16360,-7,1,34,-30,-29,-173;
-270,528,16349,-6,1,31,-30,-29,-173;
-268,530,16350,-6,1,30,-29,-29,-173;
-273,510,16346,-6,1,30,-29,-30,-173;
-282,510,16340,-7,1,30,-29,-30,-173;
-285,498,16332,-7,1,32,-30,-30,-173;
-290,491,16344,-7,1,35,-30,-30,-172;
-301,483,16346,-7,0,38,-30,-30,-172;
-316,469,16346,-8,1,43,-30,-30,-173;
-310,474,16356,-9,1,46,-30,-30,-173;
-314,464,16360,-11,0,49,-30,-30,-173;
-310,466,16356,-11,0,51,-30,-31,-173;
-313,459,16362,-12,0,52,-30,-31,-173;
-312,454,16372,-13,0,53,-30,-30,-173;
-333,444,16388,-13,0,55,-30,-30,-173;
-341,440,16387,-15,1,57,-30,-30,-173;
-321,476,16393,-14,0,58,-30,-30,-173;
-335,445,16400,-13,-1,61,-30,-30,-173;
-337,456,16392,-12,-1,66,-30,-29,-172;
-356,426,16383,-9,-2,73,-30,-29,-172;
-350,438,16387,-5,-3,79,-30,-29,-172;
-350,442,16386,-3,-4,88,-30,-29,-172;
-339,464,16396,-1,-5,94,-30,-29,-172;
-326,510,16375,0,-5,94,-30,-29,-172;
-312,502,16348,1,-5,95,-30,-29,-172;
-306,503,16350,3,-5,95,-30,-29,-172;
-320,460,16351,1,-4,95,-30,-30,-172;
-299,497,16346,0,-3,92,-29,-30,-172;
-289,509,16341,-1,-3,86,-29,-31,-172;
-277,540,16343,-2,-4,76,-29,-31,-172;
-273,538,16335,-3,-2,63,-30,-31,-172;
-260,526,16342,-1,-2,50,-30,-31,-172;
-265,505,16341,1,-2,39,-30,-31,-172;
-280,471,16370,7,-2,33,-30,-31,-172;
-285,488,16390,14,-3,26,-30,-31,-172;
-308,545,16405,26,-4,17,-30,-31,-171;
-308,514,16386,35,-4,15,-30,-31,-171;
-324,530,16396,50,-6,15,-30,-31,-171;
-327,520,16403,64,-7,13,-30,-30,-171;
-318,518,16398,76,-7,14,-29,-30,-171;
-327,524,16402,85,-7,16,-29,-30,-171;
-332,545,16402,92,-6,18,-29,-30,-171;
-330,576,16372,100,-5,20,-29,-31,-171;
-322,579,16355,104,-5,21,-29,-31,-171;
-324,589,16339,107,-4,22,-29,-31,-171;
-298,545,16336,106,-4,25,-29,-31,-171;
-302,599,16356,109,-6,21,-29,-31,-172;
-297,603,16346,105,-7,13,-29,-31,-172;
-296,599,16322,101,-7,8,-30,-31,-172;
-306,604,16338,94,-6,4,-30,-31,-172;
-310,605,16339,90,-6,-1,-30,-31,-172;
-309,605,16336,83,-7,-5,-30,-32,-172;
-309,584,16355,77,-7,-9,-30,-32,-172;
-315,593,16359,72,-7,-13,-30,-32,-172;
-288,588,16364,66,-7,-16,-30,-32,-172;
-302,590,16354,61,-7,-20,-30,-32,-172;
-305,584,16333,54,-5,-23,-30,-32,-172;
-300,586,16340,49,-4,-23,-30,-32,-172;
-302,607,16356,46,-3,-24,-30,-32,-172;
-310,609,16342,45,-3,-25,-30,-32,-172;
-302,616,16333,45,-5,-25,-30,-32,-172;
-296,608,16342,47,-5,-25,-30,-32,-172;
-300,621,16342,50,-5,-25,-30,-32,-171;
-281,615,16357,54,-5,-26,-30,-32,-171;
-290,624,16351,61,-5,-28,-30,-32,-171;
-279,625,16355,67,-4,-30,-30,-32,-171;
-280,632,16385,74,-5,-32,-30,-31,-171;
-280,628,16380,83,-5,-34,-30,-31,-172;
-279,632,16398,93,-5,-37,-30,-31,-172;
-256,624,16399,104,-5,-40,-30,-31,-172;
-251,636,16415,117,-4,-44,-30,-31,-172;
-240,650,16427,132,-4,-49,-30,-31,-172;
-236,649,16432,148,-4,-53,-30,-31,-172;
-249,659,16427,165,-4,-58,-30,-31,-172;
-266,663,16417,179,-5,-63,-30,-31,-172;
-284,688,16404,192,-5,-68,-30,-32,-172;
-288,685,16382,204,-6,-73,-30,-32,-172;
-292,692,16373,213,-5,-76,-30,-32,-172;
-305,686,16374,220,-6,-78,-30,-32,-172;
-321,673,16379,224,-7,-76,-30,-32,-172;
-331,666,16362,226,-8,-73,-30,-32,-172;
-360,662,16347,226,-9,-72,-30,-32,-172;
-363,661,16353,230,-10,-72,-30,-32,-172;
-352,671,16342,233,-11,-73,-30,-32,-172;
-340,679,16357,235,-11,-72,-30,-32,-172;
-337,669,16358,235,-11,-68,-30,-32,-172;
-320,697,16365,233,-11,-64,-30,-32,-172;
-315,712,16366,232,-12,-62,-30,-32,-172;
-308,743,16356,232,-12,-61,-30,-32,-172;
-299,788,16336,233,-12,-65,-30,-32,-172;
-287,807,16347,233,-11,-70,-30,-33,-172;
-262,829,16350,231,-10,-75,-30,-33,-172;
-267,850,16328,225,-10,-79,-30,-33,-172;
-283,876,16321,219,-9,-84,-30,-33,-172;
-282,881,16329,212,-10,-91,-30,-33,-172;
-283,880,16345,208,-10,-96,-30,-34,-172;
-284,890,16335,204,-9,-105,-30,-34,-172;
-283,893,16349,198,-9,-113,-30,-34,-172;
-281,897,16354,193,-9,-122,-30,-34,-172;
-276,896,16362,187,-9,-131,-30,-34,-172;
-290,900,16352,181,-9,-137,-30,-34,-172;
-319,911,16351,173,-9,-137,-30,-35,-172;
-307,921,16347,165,-9,-137,-30,-35,-172;
-305,917,16361,154,-9,-135,-30,-34,-172;
-304,923,16350,142,-8,-132,-30,-34,-172;
-285,938,16334,132,-8,-129,-30,-34,-172;
-298,936,16336,123,-8,-120,-30,-35,-172;
-292,946,16340,115,-7,-112,-30,-35,-172;
-283,947,16344,106,-7,-103,-30,-35,-171;
-290,972,16356,97,-7,-93,-30,-35,-171;
-278,979,16348,90,-7,-84,-29,-35,-171;
-265,981,16347,84,-8,-80,-29,-34,-171;
-268,981,16354,77,-7,-76,-29,-35,-171;
-255,974,16332,71,-7,-72,-29,-35,-171;
-264,982,16323,66,-7,-67,-29,-35,-171;
-264,994,16322,62,-8,-67,-29,-35,-171;
-264,983,16329,57,-7,-68,-29,-35,-172;
-266,975,16322,50,-8,-69,-29,-35,-172;
-277,982,16308,44,-8,-69,-29,-35,-172;
-290,956,16302,38,-7,-68,-29,-34,-172;
-297,946,16310,32,-7,-67,-29,-34,-172;
-306,940,16297,26,-6,-63,-29,-34,-172;
-302,940,16312,21,-6,-59,-29,-35,-172;
-314,940,16313,18,-6,-55,-29,-35,-172;
-322,931,16343,14,-6,-51,-29,-35,-172;
-331,919,16344,10,-6,-46,-29,-35,-171;
-327,938,16338,8,-5,-40,-29,-35,-172;
-335,946,16332,5,-5,-34,-29,-35,-172;
-335,934,16342,3,-5,-29,-29,-35,-172;
-316,948,16341,1,-5,-24,-29,-35,-172;
-299,957,16344,-1,-4,-19,-29,-35,-172;
-294,956,16359,-4,-4,-16,-29,-35,-172;
-300,952,16344,-6,-4,-12,-29,-35,-172;
-306,952,16362,-9,-4,-9,-29,-35,-172;
-286,968,16330,-10,-3,-7,-29,-34,-172;
-283,967,16342,-12,-2,-5,-29,-34,-172;
-276,966,16345,-14,-2,-5,-29,-34,-172;
-266,960,16343,-15,-1,-4,-29,-35,-172;
-257,969,16342,-15,-2,-3,-29,-35,-172;
-260,970,16346,-15,-2,-2,-29,-35,-172;
-274,973,16348,-14,-2,-2,-29,-35,-172;
-269,978,16328,-12,-2,-2,-29,-35,-172;
-270,988,16327,-10,-2,-2,-29,-35,-172;
-268,987,16322,-8,-2,-3,-29,-35,-172;
-273,984,16318,-6,-2,-3,-29,-35,-172;
-271,996,16312,-3,-2,-3,-29,-36,-172;
-267,990,16312,0,-2,-4,-29,-36,-172;
-271,1003,16324,4,-2,-5,-29,-36,-172;
-288,1007,16315,8,-1,-7,-30,-36,-172;
-308,1000,16319,16,-2,-6,-29,-36,-172;
-309,1002,16328,24,-1,-6,-29,-36,-172;
-316,1007,16344,33,-2,-6,-29,-36,-172;
-319,1004,16338,42,-2,-8,-29,-36,-172;
-315,1020,16325,52,-2,-11,-29,-36,-172;
-320,1026,16338,61,-3,-16,-29,-36,-172;
-330,1029,16348,69,-4,-21,-29,-35,-172;
-336,1025,16338,76,-5,-26,-29,-35,-172;
-342,1018,16336,78,-7,-31,-29,-35,-172;
-326,1014,16342,82,-8,-38,-29,-35,-172;
-306,1007,16323,79,-10,-45,-29,-35,-172;
-305,998,16315,74,-12,-50,-29,-35,-171;
-285,987,16307,62,-11,-50,-28,-35,-171;
-282,983,16309,51,-10,-48,-29,-36,-171;
-270,978,16318,38,-9,-44,-29,-36,-171;
-262,969,16315,26,-8,-40,-29,-36,-171;
-252,959,16308,13,-7,-34,-29,-36,-171;
-262,974,16319,2,-5,-28,-29,-35,-171;
-258,969,16308,-5,-3,-22,-29,-35,-171;
-259,972,16303,-14,-2,-14,-29,-36,-171;
-264,977,16329,-20,0,-9,-29,-36,-171;
-258,977,16339,-23,1,-4,-29,-36,-171;
-272,988,16364,-18,1,-4,-29,-35,-171;
-268,991,16373,-14,1,-4,-29,-35,-172;
-267,990,16368,-8,0,-4,-29,-35,-172;
-275,1003,16368,-1,1,-4,-29,-35,-172;
-268,1019,16365,6,1,-5,-29,-35,-172;
-259,1029,16352,15,1,-6,-29,-35,-172;
-256,1042,16369,24,0,-8,-29,-36,-172;
-258,1045,16376,34,0,-10,-29,-35,-172;
-262,1047,16365,44,-1,-12,-29,-35,-172;
-273,1062,16351,54,-1,-15,-30,-35,-172;
-274,1058,16340,61,-1,-18,-30,-36,-172;
-281,1067,16339,69,-1,-23,-30,-36,-172;
-290,1076,16339,76,-2,-27,-30,-36,-172;
-284,1064,16346,82,-2,-31,-30,-37,-171;
-292,1050,16331,87,-3,-34,-30,-37,-171;
-297,1048,16335,90,-4,-36,-30,-37,-171;
-302,1051,16333,91,-4,-37,-30,-37,-171;
-303,1046,16327,89,-4,-39,-29,-37,-171;
-299,1059,16314,87,-4,-41,-29,-37,-171;
-307,1053,16326,84,-4,-41,-29,-37,-171;
-310,1061,16323,80,-4,-42,-29,-37,-171;
-302,1053,16330,74,-3,-40,-29,-37,-171;
-304,1038,16345,66,-1,-37,-29,-37,-171;
-306,1035,16346,59,-1,-34,-29,-37,-171;
-320,1041,16342,48,-1,-32,-29,-36,-172;
-322,1035,16336,38,0,-29,-29,-36,-172;
-327,1037,16327,27,0,-26,-29,-36,-171;
-319,1042,16325,17,0,-22,-29,-36,-171;
-323,1032,16320,9,0,-18,-29,-35,-171;
-321,1026,16320,-3,-1,-15,-29,-35,-172;
-321,1030,16315,-16,-1,-14,-29,-35,-172;
-318,1028,16307,-30,-1,-12,-29,-34,-172;
-331,1044,16306,-42,-3,-14,-29,-34,-172;
-319,1050,16318,-53,-4,-15,-29,-34,-172;
-300,1057,16339,-62,-5,-16,-29,-35,-172;
-298,1064,16350,-69,-6,-19,-29,-35,-172;
-288,1058,16346,-75,-6,-20,-29,-35,-172;
-303,1050,16344,-82,-6,-22,-29,-35,-172;
-296,1050,16372,-90,-6,-23,-29,-35,-172;
-307,1051,16352,-96,-6,-23,-29,-35,-172;
-317,1038,16347,-101,-5,-20,-29,-35,-172;
-328,1031,16344,-106,-6,-17,-29,-35,-172;
-334,1012,16330,-112,-5,-10,-29,-35,-172;
-374,976,16290,-120,-4,0,-29,-36,-172;
-491,928,16272,-131,-2,23,-29,-35,-172;
-444,908,16283,-145,-1,55,-29,-35,-172;
-450,902,16288,-155,0,86,-29,-35,-172;
-429,992,16344,-167,2,114,-29,-35,-172;
-458,923,16304,-179,5,134,-29,-35,-172;
-410,902,16306,-186,7,155,-29,-35,-172;
-366,900,16306,-189,8,172,-29,-35,-172;
-349,952,16322,-190,11,185,-29,-35,-172;
-316,968,16334,-187,11,190,-29,-35,-172;
-284,1013,16350,-181,11,187,-29,-34,-172;
-180,1054,16363,-171,10,170,-29,-35,-172;
-223,1053,16345,-162,10,143,-29,-35,-172;
-216,1028,16332,-163,10,119,-29,-35,-172;
-221,930,16281,-161,8,95,-29,-35,-172;
-169,1010,16301,-162,7,78,-29,-35,-172;
-183,1022,16324,-168,6,57,-29,-35,-172;
-226,1030,16294,-191,6,39,-29,-35,-172;
-227,968,16269,-231,6,23,-29,-34,-172;
-180,1030,16236,-276,6,3,-29,-35,-172;
-148,1058,16240,-334,7,-24,-29,-35,-172;
-122,1066,16065,-432,8,-58,-29,-35,-172;
-98,1152,15658,-838,20,-70,-29,-34,-172;
-67,1118,17042,-908,75,-58,-29,-34,-172;
126,1217,16866,-765,35,-66,-30,-34,-172;
-214,708,17217,-763,43,-70,-30,-34,-172;
-334,614,17367,-735,34,-53,-30,-33,-172;
-216,589,17308,-697,36,-53,-30,-33,-172;
-244,538,17419,-640,32,-49,-30,-33,-172;
-296,417,17395,-583,32,-27,-30,-32,-172;
-357,369,17428,-512,29,5,-30,-31,-173;
-413,268,17592,-403,28,37,-30,-31,-173;
-508,140,18011,16,16,45,-30,-31,-173;
-551,157,16640,104,-40,29,-29,-31,-173;
-751,10,16836,-18,0,34,-29,-30,-173;
-432,460,16491,4,-10,37,-29,-31,-173;
-330,514,16336,3,-2,21,-29,-31,-173;
-425,490,16431,4,-5,22,-29,-31,-173;
-404,505,16331,3,-2,21,-29,-31,-173;
-409,516,16379,2,-3,10,-29,-31,-173;
-396,470,16364,1,0,1,-29,-31,-172;
-359,503,16375,0,-1,-2,-29,-31,-172;
-291,499,16369,0,0,-2,-29,-31,-172;
-288,494,16364,1,-1,-1,-29,-31,-172;
-285,500,16348,0,-1,-1,-29,-31,-172;
-282,502,16352,1,-1,-2,-29,-31,-172;
-286,511,16334,0,-1,-2,-29,-31,-172;
-296,500,16338,1,-1,-2,-29,-31,-172;
-302,508,16340,1,-1,-2,-29,-31,-172;
-305,498,16350,1,-1,-2,-29,-31,-172;
-284,506,16341,1,-2,-2,-29,-31,-173;
-291,512,16347,1,-2,-2,-29,-31,-173;
-292,522,16357,2,-2,-2,-29,-30,-173;
-290,514,16348,2,-2,-2,-29,-30,-173;
-292,517,16346,2,-3,-2,-30,-30,-173;
-302,516,16368,2,-3,-2,-30,-30,-173;
-294,513,16384,2,-3,-1,-30,-30,-173;
-298,519,16391,2,-3,-1,-30,-29,-173;
-302,512,16390,2,-4,0,-30,-30,-173;
-309,510,16391,2,-4,0,-30,-30,-173;
-319,512,16362,2,-4,0,-30,-30,-173;
-302,513,16371,2,-4,-1,-30,-30,-173;
-304,511,16373,2,-3,0,-30,-30,-173;
-307,511,16374,1,-3,-1,-30,-30,-173;
-312,507,16382,1,-2,-1,-30,-30,-173;
-307,503,16365,1,-2,-1,-30,-30,-173;
-308,500,16356,0,-3,-1,-30,-31,-173;
-304,498,16350,0,-3,-1,-30,-31,-172;
-306,498,16346,0,-2,-1,-30,-31,-172;
-305,502,16344,0,-2,0,-30,-31,-172;
-300,500,16366,0,-1,-1,-30,-31,-173;
-309,502,16340,0,-2,0,-30,-31,-173;
-302,501,16320,0,-2,-1,-30,-31,-173;
-300,508,16346,1,-2,-1,-30,-30,-173;
-296,511,16327,1,-3,-1,-30,-30,-173;
-292,504,16307,0,-3,-1,-30,-30,-173;
-296,503,16312,0,-2,-1,-30,-30,-173;
-301,511,16313,1,-2,-1,-30,-30,-173;
-302,519,16316,1,-2,-2,-30,-30,-173;
-296,524,16328,0,-2,-2,-30,-30,-173;
-304,529,16337,1,-3,-2,-30,-30,-172;
-301,523,16351,1,-3,-2,-30,-30,-172;
-312,522,16379,1,-3,-2,-30,-30,-173;
-306,520,16371,1,-3,-2,-30,-30,-173;
-311,517,16376,1,-3,-2,-29,-30,-173;
-330,535,16398,2,-2,-2,-29,-31,-173;
-316,535,16400,1,-2,-2,-29,-31,-173;
-315,533,16403,1,-2,-3,-29,-31,-173;
-312,539,16390,1,-3,-2,-29,-30,-173;
-309,527,16386,1,-3,-3,-29,-30,-173;
-296,517,16382,0,-3,-2,-29,-30,-173;
-298,518,16386,0,-3,-2,-29,-30,-173;
-290,518,16368,1,-3,-2,-29,-31,-173;
-290,514,16380,0,-2,-2,-29,-31,-173;
-279,526,16391,0,-3,-2,-29,-31,-173;
-275,513,16384,0,-4,-2,-29,-30,-173;
-281,514,16388,0,-4,-2,-29,-30,-173;
-286,522,16385,0,-3,-2,-29,-30,-173;
-279,508,16392,0,-4,-2,-29,-30,-173;
-302,514,16373,0,-4,-1,-29,-30,-173;
-311,520,16374,1,-3,-2,-29,-30,-173;
-301,526,16362,0,-3,-3,-29,-30,-173;
-305,517,16371,0,-3,-3,-29,-30,-173;
-302,520,16349,0,-3,-3,-29,-30,-173;
-304,502,16340,0,-4,-3,-29,-30,-173;
-300,516,16336,0,-3,-3,-29,-30,-173;
-303,506,16322,0,-1,-3,-29,-30,-173;
-295,498,16334,-1,-1,-2,-29,-30,-173;
-298,495,16336,-2,0,-2,-29,-30,-172;
-280,517,16369,-41,14,-4,-29,-31,-172;
-274,505,16363,-75,27,-5,-29,-30,-172;
-286,510,16362,-102,37,-6,-29,-30,-172;
-290,509,16358,-147,55,-7,-29,-30,-172;
-295,506,16371,-192,72,-9,-30,-30,-172;
-306,515,16381,-240,90,-11,-30,-30,-172;
-310,488,16374,-273,103,-13,-30,-30,-172;
-313,479,16354,-293,109,-14,-30,-30,-172;
-321,458,16328,-292,109,-14,-30,-30,-172;
-330,453,16338,-286,106,-14,-30,-29,-172;
-345,409,16315,-244,90,-12,-30,-29,-173;
-362,402,16320,-211,77,-11,-30,-29,-173;
-363,401,16318,-191,69,-10,-30,-29,-173;
-368,389,16317,-173,61,-10,-29,-29,-173;
-388,370,16290,-136,48,-8,-29,-29,-173;
-378,363,16282,-77,26,-5,-29,-28,-173;
-365,372,16292,-42,12,-3,-29,-28,-173;
-367,382,16316,-19,3,-3,-29,-28,-173;
-365,396,16325,-30,6,-3,-29,-29,-173;
-365,391,16317,-38,9,-3,-30,-29,-172;
-360,384,16322,-42,11,-3,-30,-29,-172;
-356,382,16328,-42,12,-4,-30,-29,-172;
-352,358,16342,-40,11,-4,-30,-29,-172;
-339,369,16342,-11,1,-3,-30,-29,-172;
-312,374,16367,-5,-1,-2,-30,-29,-172;
-330,360,16362,-10,1,-3,-30,-30,-172;
-340,355,16369,-4,-1,-2,-30,-30,-172;
-345,344,16372,-6,0,-2,-30,-30,-173;
-350,334,16386,-2,-1,-2,-30,-30,-173;
-348,335,16384,1,-2,-2,-30,-30,-173;
-349,350,16378,3,-2,-1,-29,-30,-173;
-346,354,16368,12,-7,-1,-29,-30,-173;
-360,362,16379,26,-12,-1,-29,-30,-173;
-366,360,16391,30,-13,0,-29,-30,-173;
-388,372,16392,33,-14,0,-29,-29,-173;
-379,383,16388,28,-12,0,-29,-29,-173;
-380,378,16378,16,-8,-1,-29,-29,-173;
-375,388,16378,16,-7,0,-29,-29,-173;
-370,387,16365,26,-10,0,-29,-29,-173;
-363,399,16368,31,-11,-1,-29,-29,-173;
-355,392,16358,32,-12,-1,-29,-29,-173;
-354,392,16374,25,-9,-1,-29,-30,-173;
-348,390,16376,17,-6,-2,-29,-30,-173;
-346,387,16374,12,-5,-3,-29,-30,-173;
-331,374,16369,6,-3,-3,-29,-30,-173;
-336,361,16357,13,-5,-2,-29,-30,-173;
-331,372,16360,20,-8,-2,-29,-30,-173;
-334,370,16366,12,-5,-2,-29,-30,-173;
-343,371,16375,3,-2,-3,-29,-30,-173;
-351,357,16360,-3,0,-2,-29,-30,-173;
-354,361,16372,-3,1,-2,-29,-30,-173;
-368,358,16357,9,-3,-1,-29,-30,-173;
-376,358,16348,20,-7,0,-29,-30,-173;
-381,363,16348,30,-10,1,-29,-29,-173;
-383,372,16366,44,-15,2,-29,-29,-173;
-379,387,16380,48,-16,1,-29,-30,-173;
-387,389,16394,52,-17,1,-29,-30,-173;
-388,373,16385,70,-25,2,-28,-30,-173;
-382,388,16386,83,-30,2,-28,-30,-173;
-374,404,16399,91,-33,3,-28,-30,-173;
-376,409,16391,91,-33,2,-29,-30,-173;
-366,424,16383,81,-30,1,-29,-29,-173;
-356,431,16366,78,-30,1,-29,-30,-173;
-349,440,16366,71,-28,1,-29,-30,-173;
-348,438,16347,68,-28,1,-29,-30,-173;
-348,440,16373,65,-26,0,-29,-30,-173;
-348,444,16352,61,-25,0,-29,-30,-173;
-339,468,16354,52,-20,0,-29,-29,-173;
-331,472,16351,44,-18,0,-29,-29,-173;
-335,468,16357,35,-14,-1,-30,-29,-173;
-331,490,16362,24,-10,-1,-30,-29,-173;
-276,664,16357,-11,2,-16,-30,-30,-173;
-222,872,16346,-46,13,-63,-30,-30,-173;
-214,902,16289,-73,24,-125,-30,-30,-173;
-232,855,16279,-112,38,-180,-30,-30,-174;
-299,672,16268,-146,50,-208,-30,-30,-174;
-299,621,16263,-141,50,-228,-29,-30,-174;
-285,641,16253,-129,46,-249,-29,-29,-174;
-256,722,16249,-122,44,-277,-29,-29,-174;
-165,868,16249,-118,44,-309,-29,-29,-174;
-113,916,16267,-108,42,-325,-29,-29,-174;
-144,861,16242,-71,30,-331,-29,-29,-174;
-169,889,16246,-11,13,-311,-29,-29,-174;
-161,1138,16264,41,-10,-287,-29,-29,-174;
-102,1492,16177,108,-51,-271,-29,-28,-174;
13,1771,16098,166,-70,-241,-29,-28,-174;
7,1884,16032,184,-64,-207,-29,-28,-174;
60,2107,15743,203,-74,-170,-29,-28,-174;
97,2097,15558,296,-109,-171,-29,-29,-174;
28,1635,15746,286,-110,-151,-29,-29,-174;
-129,412,15670,285,-114,-85,-29,-29,-174;
-308,70,15727,255,-106,-46,-29,-29,-174;
-388,-263,15734,215,-93,-24,-29,-29,-174;
-350,-496,15765,178,-77,12,-29,-30,-174;
-280,-682,15861,121,-39,54,-29,-30,-174;
-272,-828,15953,65,-21,79,-29,-30,-174;
-272,-884,16016,12,-15,88,-29,-30,-174;
-390,-1178,16303,-47,6,84,-29,-29,-174;
-480,-1291,16490,-166,50,119,-29,-29,-175;
-527,-1002,16304,-182,58,134,-29,-29,-175;
-449,136,16374,-203,67,90,-29,-29,-175;
-269,352,16352,-191,64,78,-29,-29,-175;
-220,438,16362,-203,69,87,-29,-28,-175;
-282,374,16366,-219,75,92,-29,-28,-175;
-396,240,16374,-224,78,89,-29,-28,-175;
-487,271,16362,-226,78,62,-28,-28,-175;
-497,249,16366,-230,79,38,-28,-28,-175;
-436,283,16380,-234,81,25,-28,-28,-175;
-358,294,16382,-249,87,26,-28,-29,-175;
-380,317,16385,-274,97,27,-28,-29,-175;
-374,336,16375,-312,111,22,-28,-28,-175;
-410,292,16346,-314,111,16,-28,-29,-175;
-426,285,16348,-295,103,14,-28,-29,-175;
-431,269,16335,-270,94,13,-28,-29,-175;
-443,268,16331,-244,85,12,-28,-28,-175;
-412,267,16313,-218,76,14,-28,-28,-175;
-398,254,16328,-192,66,17,-28,-28,-175;
-410,245,16326,-165,57,20,-28,-28,-175;
-477,249,16338,-132,44,15,-28,-28,-175;
-430,237,16331,-87,28,12,-28,-28,-175;
-421,220,16330,-34,8,14,-28,-27,-175;
-414,256,16358,-23,4,15,-28,-27,-175;
-397,252,16361,-28,6,16,-28,-27,-175;
-392,266,16367,-36,8,17,-27,-27,-175;
-388,265,16372,-42,10,17,-27,-27,-175;
-395,268,16378,-44,11,18,-27,-26,-175;
-389,271,16362,-45,11,17,-28,-26,-175;
-397,267,16359,-45,10,15,-28,-26,-175;
-404,261,16335,-47,10,14,-28,-26,-175;
-410,258,16346,-49,11,12,-28,-26,-175;
-417,258,16333,-58,14,9,-28,-26,-175;
-413,236,16344,-64,16,7,-28,-26,-175;
-421,238,16332,-67,16,4,-28,-27,-175;
-419,232,16330,-67,16,2,-28,-27,-175;
-426,250,16313,-64,15,-3,-28,-27,-176;
-418,275,16309,-66,16,-12,-28,-27,-176;
-432,206,16318,-63,16,-21,-28,-27,-176;
-438,211,16324,-64,16,-25,-28,-27,-176;
-423,221,16338,-63,16,-30,-28,-27,-176;
-421,268,16332,-62,16,-42,-28,-27,-176;
-412,254,16340,-48,12,-55,-28,-27,-176;
-422,225,16350,-38,9,-62,-28,-27,-176;
-420,262,16357,-34,8,-71,-28,-27,-176;
-420,269,16357,-28,5,-84,-28,-27,-176;
-418,256,16381,-23,2,-92,-28,-26,-176;
-418,163,16388,-15,1,-92,-28,-26,-175;
-410,257,16393,-17,1,-92,-28,-26,-175;
-410,215,16404,-15,1,-97,-28,-26,-175;
-421,237,16398,-12,1,-102,-28,-25,-175;
-432,124,16389,-5,-1,-98,-28,-25,-175;
-428,144,16389,-6,0,-87,-28,-25,-175;
-422,206,16381,-6,1,-85,-28,-25,-175;
-413,142,16394,-5,0,-79,-28,-25,-175;
-414,127,16410,-5,1,-69,-28,-25,-175;
-417,100,16393,-5,2,-58,-28,-25,-175;
-409,148,16394,-6,3,-51,-28,-25,-176;
-419,118,16385,-3,2,-43,-28,-26,-175;
-412,154,16380,-2,1,-36,-28,-26,-175;
-412,124,16387,-1,1,-24,-28,-27,-175;
-398,184,16387,-2,1,-17,-28,-27,-175;
-399,172,16391,-2,1,-14,-28,-27,-175;
-396,146,16379,-2,0,-9,-28,-27,-175;
-413,162,16365,-1,0,-6,-28,-27,-175;
-420,166,16365,-2,0,-3,-28,-27,-175;
-411,182,16361,-1,-1,-2,-28,-27,-175;
-425,194,16364,-1,-2,-1,-27,-28,-175;
-417,196,16376,-1,-2,-1,-27,-28,-175;
-414,198,16364,-1,-2,-1,-27,-27,-175;
-392,220,16351,-2,-2,5,-27,-27,-176;
-406,233,16352,-2,-3,16,-27,-27,-176;
-412,222,16345,-1,-3,26,-27,-27,-175;
-412,236,16344,-1,-3,34,-27,-26,-175;
-408,280,16340,-1,-2,44,-27,-27,-175;
-404,298,16323,-2,-1,56,-27,-27,-175;
-408,349,16337,-4,1,66,-27,-27,-175;
-399,314,16342,-7,1,75,-28,-27,-175;
-399,308,16342,-8,2,82,-28,-26,-175;
-407,291,16347,-10,2,92,-28,-26,-175;
-424,260,16343,-11,3,93,-28,-27,-175;
-421,241,16342,-13,5,83,-28,-27,-175;
-422,257,16346,-14,6,73,-28,-27,-175;
-422,250,16352,-14,6,62,-28,-27,-175;
-415,256,16369,-16,8,49,-28,-27,-175;
-422,240,16369,-14,8,31,-28,-27,-175;
-420,152,16364,-12,7,20,-28,-27,-175;
-430,203,16351,-10,7,9,-28,-27,-175;
-442,215,16327,-9,7,0,-28,-27,-175;
-450,227,16317,-7,7,-13,-28,-27,-175;
-450,252,16333,-5,7,-22,-28,-27,-175;
-435,280,16344,-4,7,-29,-28,-28,-175;
-437,285,16340,-4,6,-37,-28,-27,-175;
-420,238,16341,-3,5,-38,-27,-27,-175;
-420,194,16349,-1,4,-37,-27,-26,-176;
-406,197,16352,-1,4,-35,-27,-26,-176;
-414,238,16348,0,4,-39,-28,-26,-176;
-405,190,16352,2,2,-40,-28,-26,-176;
-377,164,16366,3,1,-39,-28,-26,-176;
-366,167,16382,3,1,-38,-28,-26,-176;
-364,156,16384,3,0,-37,-28,-26,-176;
-373,124,16372,4,0,-33,-28,-26,-176;
-362,146,16381,4,0,-28,-28,-26,-176;
-380,160,16389,3,0,-27,-28,-26,-176;
-382,168,16360,2,0,-27,-28,-26,-176;
-397,161,16356,3,0,-26,-28,-26,-176;
-390,188,16350,2,0,-25,-28,-26,-176;
-394,201,16344,2,1,-28,-27,-26,-175;
-410,215,16345,0,2,-32,-27,-26,-175;
-413,180,16338,0,3,-34,-27,-27,-176;
-422,173,16319,0,4,-35,-27,-27,-176;
-421,156,16329,1,4,-36,-27,-27,-176;
-424,122,16332,2,3,-36,-27,-27,-175;
-426,137,16322,2,3,-35,-27,-26,-176;
-432,135,16341,2,3,-34,-27,-26,-176;
-422,141,16355,1,3,-33,-27,-26,-176;
-417,102,16360,2,3,-30,-27,-26,-176;
-412,119,16369,1,3,-26,-27,-26,-176;
-404,119,16365,1,2,-22,-27,-25,-176;
-402,166,16369,-1,1,-20,-27,-25,-176;
-402,170,16381,-2,1,-19,-28,-25,-176;
-414,194,16393,-3,4,-19,-28,-25,-176;
-430,186,16405,-4,9,-18,-28,-25,-176;
-433,180,16398,-2,13,-15,-28,-26,-176;
-416,170,16394,-2,18,-11,-28,-26,-176;
-410,172,16400,-2,22,-7,-27,-26,-175;
-403,182,16401,-3,28,-4,-27,-27,-175;
-397,188,16401,-2,34,-3,-27,-27,-175;
-405,203,16416,-2,42,-4,-27,-27,-175;
-410,238,16402,-3,52,-10,-27,-27,-175;
-413,316,16400,0,61,-24,-27,-27,-176;
-406,292,16397,-1,63,-20,-27,-27,-176;
-397,282,16389,-1,67,-18,-27,-27,-176;
-386,272,16388,-4,72,-21,-27,-27,-176;
-400,273,16382,-5,76,-24,-27,-27,-176;
-409,252,16347,-5,81,-27,-27,-26,-176;
-438,234,16324,-6,84,-29,-27,-26,-176;
-456,253,16345,-7,88,-29,-27,-26,-176;
-469,241,16308,-6,91,-30,-27,-26,-176;
-472,216,16333,-6,92,-26,-27,-26,-176;
-476,198,16353,-9,97,-18,-27,-26,-175;
-472,106,16271,-9,101,-22,-27,-26,-175;
-479,102,16270,-10,104,-19,-27,-26,-175;
-499,135,16286,-11,108,-16,-27,-26,-175;
-497,109,16271,-11,112,-9,-27,-26,-175;
-517,87,16292,-12,117,-1,-27,-26,-176;
-520,72,16329,-13,123,11,-27,-26,-176;
-517,0,16316,-14,129,26,-27,-26,-176;
-502,-19,16340,-17,134,47,-27,-27,-176;
-510,-30,16330,-20,140,68,-27,-27,-175;
-504,-96,16317,-22,147,96,-27,-27,-176;
-522,88,16233,-21,152,114,-27,-27,-176;
-536,123,16270,-22,164,123,-26,-27,-176;
-562,74,16294,-23,174,134,-26,-27,-176;
-602,-42,16332,-20,187,153,-26,-27,-176;
-587,-58,16332,-18,205,181,-26,-28,-176;
-575,-17,16296,-19,219,207,-26,-28,-176;
-580,31,16298,-20,233,230,-26,-28,-176;
-596,61,16297,-16,246,248,-26,-28,-176;
-610,74,16292,-8,258,264,-26,-27,-176;
-640,99,16276,2,268,276,-26,-27,-176;
-664,3,16439,11,284,294,-26,-27,-176;
-700,-74,16362,26,290,320,-26,-27,-176;
-702,-74,16558,27,317,357,-25,-27,-176;
-652,50,16904,21,389,384,-25,-27,-176;
-653,-97,17535,14,527,415,-25,-27,-176;
-437,-326,18520,-2,795,468,-25,-27,-176;
-351,-537,19639,-22,1231,542,-25,-27,-176;
-178,-836,20857,-43,1849,650,-24,-27,-177;
24,-1149,22346,-81,2675,787,-24,-27,-177;
228,-1444,23849,-147,3712,953,-23,-27,-177;
364,-1536,25348,-190,4969,1137,-21,-27,-178;
454,-1422,27019,-249,6462,1302,-20,-28,-179;
433,-1100,28238,-265,8185,1385,-18,-28,-179;
218,-576,29223,-281,10104,1385,-14,-28,-180;
108,670,29222,-256,12195,1273,-10,-29,-181;
-741,1709,29185,-175,14347,1043,-4,-30,-183;
-2278,3112,28905,-126,16467,733,2,-31,-184;
-3405,4764,26492,-90,18539,377,8,-33,-185;
-5486,5531,24668,-351,20523,53,17,-34,-186;
-8340,6118,23294,-1098,22419,-198,27,-36,-187;
-10463,6195,20777,-2238,24177,-401,35,-37,-188;
-11867,6074,18550,-2899,25695,-475,47,-38,-188;
-13749,6361,16128,-3289,27022,-244,59,-39,-187;
-14636,5220,13419,-3281,28119,-43,73,-39,-185;
-15348,3327,11349,-3451,28965,166,86,-40,-183;
-15190,1690,8814,-3804,29589,433,97,-40,-180;
-13992,-246,6448,-4192,30040,733,110,-42,-175;
-13026,-2278,6260,-4585,30310,1037,124,-43,-170;
-11060,-3388,5202,-4724,30397,1273,135,-44,-162;
-8233,-4287,3911,-4400,30308,1424,147,-45,-154;
-6091,-4705,3844,-3749,30057,1522,159,-46,-146;
-4604,-4947,3331,-3579,29732,1505,168,-48,-135;
-2460,-5716,3251,-3761,29254,1247,177,-50,-125;
-1106,-5158,3620,-4364,28662,1082,183,-51,-116;
-38,-4271,3908,-4863,27968,977,189,-53,-105;
690,-3346,4336,-5199,27166,874,195,-55,-93;
1306,-2430,4600,-5346,26249,775,199,-56,-81;
1545,-1553,4530,-5438,25184,670,202,-57,-69;
1616,-683,4378,-5415,23955,578,203,-58,-60;
803,-55,3513,-5383,22427,504,204,-59,-49;
18,380,2947,-5442,20500,491,204,-59,-39;
-866,912,2520,-5285,18105,530,203,-60,-30;
-2016,1178,1906,-5096,15240,621,202,-60,-21;
-3482,1252,1075,-4944,11925,776,201,-61,-12;
-5310,1332,203,-4718,8230,980,200,-61,-7;
-7350,1361,-742,-4523,4239,1216,199,-61,-2;
-4384,860,-4403,-3406,2358,1458,198,-62,0;
-6070,-852,-7108,-2852,581,1648,196,-62,1;
-7483,-1391,-8839,-2881,-1033,1818,195,-62,3;
-8052,-683,-9286,-2694,-2364,1926,195,-62,2;
-8665,-138,-10336,-2059,-3297,1935,194,-62,2;
-9182,-254,-11706,-1668,-3737,1878,194,-62,0;
-9528,-199,-12794,-1401,-3638,1765,194,-63,0;
-9649,70,-13564,-1116,-3016,1590,194,-63,-2;
-9404,229,-14102,-832,-1926,1380,193,-64,-3;
-8937,340,-14440,-503,-415,1169,193,-64,-4;
-13601,918,-11896,-1155,-872,973,193,-65,-5;
-13518,2696,-10047,-1211,-1241,845,193,-65,-6;
-13626,3196,-9132,-713,-1545,730,193,-66,-7;
-13778,2537,-9090,-432,-1773,650,193,-66,-8;
-13903,2108,-8813,-559,-1911,596,193,-67,-9;
-14039,2190,-8219,-662,-1984,555,193,-67,-10;
-14176,2309,-7680,-583,-2017,526,193,-68,-11;
-14271,2268,-7315,-458,-2005,508,193,-68,-12;
-14342,2214,-6975,-377,-1949,498,193,-68,-13;
-14440,2234,-6728,-331,-1854,490,193,-68,-14;
-14393,2465,-6757,-339,-1705,519,194,-69,-15;
-14468,2637,-6490,-423,-1500,610,194,-69,-16;
-14398,3067,-6354,-528,-1280,785,194,-69,-17;
-14081,3460,-6155,-603,-1085,1024,194,-70,-18;
-14736,3784,-5954,-601,-919,1303,193,-70,-19;
-15609,4133,-6095,-497,-771,1595,193,-70,-19;
-15332,4109,-6164,-510,-658,1920,193,-71,-20;
-14441,4134,-6204,-502,-566,2225,193,-72,-20;
-13403,3890,-6300,-441,-465,2482,192,-73,-21;
-13574,3914,-6665,-343,-360,2693,192,-74,-21;
-13141,3213,-6670,-219,-272,2766,192,-76,-21;
-13097,2974,-6979,-49,-254,2770,191,-77,-21;
-13103,2585,-7164,66,-247,2658,191,-78,-21;
-13913,2280,-7077,215,-233,2445,190,-80,-22;
-13253,2108,-7288,401,-235,2185,190,-81,-22;
-12384,1770,-7214,500,-249,1902,190,-82,-21;
-12597,1774,-7390,663,-260,1587,190,-83,-21;
-13381,1796,-7618,769,-273,1305,189,-84,-21;
-14227,2169,-7743,853,-311,1086,189,-84,-21;
-13834,2243,-7778,924,-350,942,189,-85,-21;
-14587,2861,-8100,988,-383,920,189,-85,-21;
-14209,2858,-8107,938,-403,894,189,-85,-21;
-15400,3307,-8469,982,-411,911,189,-85,-21;
-14534,3287,-8756,1010,-393,922,188,-85,-21;
-14565,3377,-8631,1007,-346,889,188,-85,-21;
-14738,3601,-8618,1051,-274,848,188,-85,-21;
-16134,4063,-8896,1134,-187,767,188,-86,-21;
-16191,4154,-8614,1268,-107,671,188,-86,-21;
-16779,4034,-8743,1367,-31,550,188,-86,-21;
-16163,3569,-8522,1469,-6,404,188,-86,-21;
-15602,3384,-8027,1457,-3,217,188,-86,-20;
-15602,3394,-8245,1470,-5,46,188,-87,-20;
-14383,3047,-7821,1431,-29,-130,188,-87,-20;
-14050,3049,-7776,1377,-82,-263,188,-87,-20;
-14034,2979,-7790,1377,-145,-357,187,-87,-19;
-13180,2849,-7558,1313,-199,-439,187,-86,-19;
-12998,3161,-7108,1194,-245,-492,187,-86,-19;
-12703,3077,-7121,1096,-270,-539,187,-86,-19;
-12760,3401,-6742,992,-286,-608,187,-86,-19;
-13043,3658,-6522,859,-273,-709,187,-85,-19;
-13709,4038,-6543,811,-271,-800,187,-85,-19;
-14395,4160,-6218,810,-282,-910,187,-84,-19;
-14532,4080,-6086,784,-308,-1029,187,-84,-19;
-15554,4358,-5684,761,-342,-1138,187,-83,-19;
-15589,4690,-5616,667,-396,-1195,187,-83,-19;
-16279,4922,-5774,602,-493,-1185,187,-82,-19;
-15292,4398,-5857,580,-598,-1128,188,-82,-19;
-15638,4491,-5929,516,-714,-1036,188,-81,-19;
-15244,4308,-5951,447,-843,-890,188,-80,-20;
-15764,4468,-5951,356,-989,-703,189,-80,-20;
-15464,4161,-5895,260,-1161,-492,190,-79,-21;
-15214,4095,-5877,161,-1327,-258,190,-79,-21;
-15272,4115,-5965,101,-1466,-23,190,-79,-22;
-14962,3908,-6226,65,-1580,191,190,-79,-22;
-14917,3509,-6241,50,-1654,357,191,-79,-23;
-14796,3163,-6135,38,-1697,444,191,-79,-23;
-14656,2898,-6041,42,-1715,471,191,-79,-24;
-14627,2669,-6084,78,-1694,436,191,-80,-25;
-14545,2440,-6196,150,-1634,358,191,-80,-25;
-14532,2251,-6279,254,-1539,249,190,-81,-26;
-14540,2103,-6323,371,-1401,106,190,-81,-27;
-14516,2090,-6338,514,-1240,-40,190,-82,-27;
-14483,2010,-6254,677,-1083,-177,190,-81,-28;
-14408,1917,-6272,829,-927,-307,190,-81,-29;
-14367,1905,-6265,914,-762,-423,191,-81,-29;
-14580,1944,-6294,947,-605,-518,191,-81,-29;
-14620,1982,-6260,955,-478,-579,191,-80,-29;
-14733,2054,-6205,957,-383,-602,192,-80,-29;
-14786,2056,-6145,932,-325,-597,192,-80,-29;
-14758,2120,-6150,861,-298,-554,192,-79,-29;
-14897,2226,-6201,798,-282,-486,193,-78,-29;
-14967,2132,-6182,684,-269,-419,193,-78,-29;
-15026,2098,-6154,523,-269,-359,193,-78,-29;
-15220,2128,-6082,360,-288,-305,194,-77,-29;
-15358,2143,-6056,276,-326,-258,194,-77,-29;
-15286,2104,-6094,271,-360,-218,194,-77,-29;
-15242,1972,-6054,242,-382,-183,194,-78,-29;
-15202,1954,-5971,151,-418,-149,194,-78,-29;
-15225,1989,-5884,61,-461,-114,194,-78,-30;
-15350,2034,-5837,31,-497,-100,194,-78,-30;
-15227,1994,-5770,4,-526,-93,194,-78,-30;
-15182,2034,-5754,33,-556,-88,194,-78,-31;
-15126,2017,-5691,43,-571,-82,194,-78,-31;
-15077,2101,-5648,34,-581,-69,194,-78,-31;
-15015,2123,-5650,40,-584,-51,194,-78,-32;
-15050,2145,-5632,23,-579,-38,194,-78,-32;
-15085,2222,-5649,33,-575,-31,194,-78,-32;
-15109,2216,-5632,77,-569,-29,194,-78,-32;
-15118,2236,-5634,133,-558,-29,194,-78,-32;
-15119,2182,-5614,168,-548,-26,194,-78,-32;
-15160,2172,-5597,182,-543,-17,194,-78,-33;
-15168,2174,-5557,162,-543,-4,194,-78,-33;
-15194,2214,-5599,179,-546,10,194,-78,-33;
-15310,2212,-5590,204,-540,18,194,-78,-33;
-15350,2217,-5448,207,-543,26,194,-78,-33;
-15383,2272,-5303,190,-569,35,194,-78,-33;
-15366,2342,-5173,161,-602,43,194,-78,-34;
-15376,2460,-5106,132,-629,49,194,-78,-34;
-15341,2551,-5042,103,-646,54,194,-78,-34;
-15332,2678,-5034,72,-647,60,194,-78,-35;
-15263,2769,-4986,46,-640,74,194,-78,-35;
-15247,2824,-4951,25,-634,93,194,-78,-35;
-15228,2879,-4903,9,-632,117,194,-78,-35;
-15154,2871,-4889,-10,-628,143,194,-78,-36;
-15186,2858,-4968,-28,-607,167,194,-78,-36;
-15150,2815,-5014,-42,-574,193,195,-79,-37;
-15192,2755,-5020,-42,-540,220,195,-79,-37;
-15170,2580,-5007,-36,-518,246,195,-78,-37;
-15298,2436,-5091,-28,-493,266,195,-78,-37;
-15362,2262,-5022,-16,-489,279,195,-79,-37;
-15469,2107,-4941,-2,-514,278,195,-79,-37;
-15558,1964,-4877,6,-557,265,195,-79,-38;
-15592,1838,-4856,20,-602,242,195,-79,-38;
-15582,1751,-4914,31,-635,213,195,-79,-38;
-15528,1647,-4877,38,-673,187,195,-79,-38;
-15528,1574,-4864,55,-717,153,195,-79,-38;
-15524,1529,-4849,77,-761,108,195,-80,-38;
-15559,1614,-4901,114,-786,55,194,-80,-39;
-15465,1700,-4809,163,-808,1,194,-80,-39;
-15432,1834,-4804,219,-811,-54,194,-80,-40;
-15409,1957,-4796,282,-796,-108,195,-80,-40;
-15385,2125,-4798,339,-762,-152,195,-80,-40;
-15406,2285,-4742,386,-724,-181,195,-80,-40;
-15469,2418,-4613,429,-705,-197,195,-79,-40;
-15583,2581,-4543,459,-689,-204,195,-79,-41;
-15706,2709,-4492,467,-674,-196,195,-79,-41;
-15774,2772,-4468,464,-658,-176,195,-79,-41;
-15850,2760,-4330,450,-660,-149,195,-79,-41;
-15994,2711,-4266,410,-686,-123,195,-79,-41;
-16112,2628,-4207,358,-732,-102,195,-79,-41;
-16211,2583,-4223,324,-778,-88,195,-78,-42;
-16339,2470,-4208,284,-835,-84,195,-78,-42;
-16450,2352,-4206,230,-898,-94,195,-78,-42;
-16470,2273,-4195,195,-963,-113,195,-79,-43;
-16486,2208,-4175,167,-1028,-146,195,-79,-43;
-16463,2171,-4168,153,-1087,-185,195,-79,-44;
-16430,2164,-4184,131,-1135,-222,195,-80,-44;
-16353,2165,-4224,101,-1171,-249,195,-80,-44;
-16248,2161,-4224,77,-1195,-266,195,-79,-45;
-16180,2105,-4222,46,-1213,-276,196,-79,-46;
-16149,2025,-4186,3,-1231,-280,196,-79,-46;
-16110,1972,-4160,-23,-1247,-282,196,-79,-47;
-16047,1929,-4148,-30,-1258,-284,196,-79,-47;
-16047,1865,-4100,-30,-1267,-291,196,-79,-48;
-16038,1835,-4042,5,-1273,-302,196,-79,-48;
-16068,1769,-3938,38,-1283,-322,196,-79,-49;
-16100,1749,-3827,101,-1300,-349,196,-78,-49;
-16142,1751,-3738,194,-1325,-381,196,-78,-50;
-16212,1784,-3630,300,-1355,-418,197,-78,-50;
-16237,1857,-3487,420,-1386,-451,197,-78,-51;
-16186,1941,-3391,526,-1417,-475,197,-78,-51;
-16111,2039,-3301,613,-1449,-482,197,-78,-51;
-16045,2139,-3203,700,-1478,-470,197,-78,-52;
-15958,2200,-3146,750,-1509,-435,197,-78,-52;
-15870,2215,-3142,763,-1541,-377,197,-78,-53;
-15704,2233,-3163,782,-1568,-299,197,-78,-53;
-15619,2134,-3140,750,-1593,-214,197,-78,-54;
-15584,2030,-3104,706,-1628,-135,197,-79,-54;
-15535,1814,-3056,565,-1675,-74,197,-79,-55;
-15410,1684,-3095,516,-1753,-21,197,-79,-55;
-15340,1576,-3105,492,-1833,15,197,-79,-56;
-15327,1423,-3154,464,-1900,26,197,-79,-56;
-15268,1287,-3185,405,-1958,17,197,-78,-57;
-15012,1826,-3675,474,-1973,48,197,-78,-58;
-15186,2084,-4035,497,-1877,172,197,-79,-58;
-15283,2082,-4015,423,-1793,327,198,-79,-59;
-15266,2332,-3969,384,-1756,521,198,-79,-60;
-15150,2529,-3907,335,-1738,746,198,-80,-60;
-15024,2761,-3906,378,-1726,986,198,-80,-61;
-15040,2866,-3859,308,-1706,1217,197,-80,-62;
-15004,2984,-3752,205,-1714,1447,197,-81,-62;
-14902,3197,-3640,171,-1766,1685,197,-81,-63;
-14848,3370,-3656,184,-1844,1926,197,-83,-64;
-15020,2862,-3248,71,-1965,2108,197,-84,-64;
-14784,2598,-2959,12,-2208,2186,196,-85,-65;
-14982,1559,-3112,56,-2424,1990,196,-86,-66;
-14947,1192,-3262,67,-2599,1643,195,-87,-67;
-15090,1148,-3167,60,-2809,1264,195,-88,-69;
-15243,1326,-3137,80,-3067,925,194,-88,-70;
-15429,1566,-2996,128,-3377,636,193,-89,-71;
