-142,-282,15667,-14,-1,4419,-24,-67,-156;
-149,-862,14819,35,-17,4670,-25,-67,-156;
-38,-40,15332,84,-32,4903,-26,-66,-156;
136,458,15330,58,-27,5118,-27,-66,-156;
210,285,14856,65,-12,5347,-27,-65,-156;
118,-212,14280,14,15,5522,-29,-65,-156;
136,-25,13976,-68,43,5689,-30,-65,-156;
65,89,13654,-71,68,5839,-31,-64,-156;
105,511,13808,-128,112,5974,-32,-64,-157;
20,1866,15376,-141,111,6110,-33,-63,-157;
-166,1532,15159,-124,111,6263,-34,-62,-156;
101,2391,16313,-100,97,6326,-36,-61,-156;
-141,2242,16240,-227,156,6367,-37,-61,-156;
-240,1718,15872,-180,137,6391,-38,-60,-156;
-106,1901,16018,-200,134,6364,-39,-59,-156;
-220,2541,16600,-148,107,6308,-40,-58,-156;
-158,2380,16621,-63,78,6201,-41,-57,-156;
-10,2410,16993,-54,57,6043,-42,-57,-156;
-183,2472,17241,-39,37,5866,-43,-56,-156;
-50,1535,15994,-73,51,5667,-45,-54,-156;
-112,1490,16249,-136,64,5426,-45,-54,-156;
-318,905,15644,-195,93,5212,-46,-53,-156;
-252,499,15312,-194,68,5034,-47,-52,-156;
118,396,15656,-211,71,4844,-48,-51,-156;
-259,431,16046,-188,58,4692,-49,-50,-156;
-62,397,16332,-193,58,4581,-50,-49,-156;
-100,578,16508,-215,62,4514,-51,-49,-156;
-153,662,16674,-257,93,4491,-51,-48,-156;
-225,759,16653,-274,95,4468,-52,-47,-156;
-236,655,16866,-225,87,4455,-53,-47,-156;
-333,725,17012,-227,71,4452,-54,-46,-156;
-485,751,16964,-217,77,4462,-54,-46,-156;
-348,649,16898,-183,72,4459,-55,-45,-156;
-836,493,16510,-252,94,4467,-55,-44,-156;
-313,342,16693,-208,78,4465,-56,-43,-155;
-311,273,16302,-214,93,4426,-56,-43,-155;
-200,392,16615,-172,82,4347,-57,-41,-155;
-290,370,16554,-143,54,4260,-58,-40,-155;
-183,278,16501,-121,55,4172,-58,-40,-155;
-468,181,16900,-142,42,4073,-58,-39,-155;
-246,170,16894,-159,52,3956,-59,-38,-155;
13,101,16868,-116,34,3819,-59,-37,-155;
-216,132,16916,-94,30,3656,-60,-36,-155;
-172,170,16964,-73,22,3499,-61,-36,-155;
-404,254,16704,-71,21,3332,-61,-35,-156;
-393,243,16832,-60,15,3162,-61,-34,-156;
-532,-61,16830,-98,21,3004,-62,-33,-156;
-401,-20,16752,-89,19,2830,-62,-32,-156;
-398,-24,16789,-92,15,2653,-62,-32,-156;
-156,260,16589,-84,21,2497,-62,-31,-156;
-219,161,16551,-77,19,2348,-63,-30,-156;
-251,241,16522,-78,20,2193,-63,-30,-156;
-120,346,16526,-74,17,2046,-63,-29,-156;
-82,378,16505,-68,17,1905,-64,-28,-156;
-62,473,16564,-64,16,1774,-64,-28,-156;
-58,436,16498,-56,10,1634,-64,-27,-156;
-104,557,16381,-52,13,1501,-64,-27,-157;
-131,514,16496,-48,11,1368,-64,-27,-157;
-132,491,16479,-37,11,1235,-65,-27,-157;
-228,413,16326,-29,9,1092,-65,-27,-157;
-261,432,16366,-20,5,954,-65,-27,-156;
-260,402,16396,-21,4,818,-65,-26,-156;
-258,359,16388,-17,2,684,-65,-27,-156;
-253,350,16401,-15,1,548,-65,-27,-156;
-266,304,16408,-16,-1,416,-65,-27,-156;
-259,357,16408,-13,-1,308,-65,-26,-156;
-280,363,16389,-10,0,222,-65,-26,-156;
-291,357,16389,-8,-2,148,-65,-26,-156;
-228,373,16388,-6,-3,79,-65,-25,-156;
-186,391,16387,-2,-3,4,-65,-25,-156;
-180,422,16368,2,-3,-82,-65,-25,-156;
-142,459,16376,5,-5,-188,-65,-26,-156;
-110,518,16348,5,-6,-310,-65,-26,-156;
-75,546,16312,0,-8,-466,-65,-26,-156;
-111,577,16326,25,-16,-647,-65,-26,-156;
-31,592,16302,40,-21,-841,-65,-26,-156;
2,658,16258,63,-27,-1061,-65,-26,-156;
60,751,16295,66,-30,-1301,-65,-27,-156;
41,763,16370,69,-35,-1553,-65,-27,-156;
0,732,16410,63,-31,-1799,-64,-28,-156;
-4,735,16426,78,-40,-2040,-64,-28,-156;
40,749,16384,78,-44,-2295,-64,-28,-156;
60,717,16443,94,-46,-2546,-64,-28,-156;
-23,610,16418,121,-51,-2767,-64,-29,-156;
74,624,16452,155,-59,-3006,-63,-30,-156;
128,526,16609,144,-60,-3266,-63,-30,-156;
184,411,16735,73,-43,-3545,-63,-31,-156;
132,327,16962,82,-67,-3823,-62,-32,-156;
252,191,16636,84,-67,-4133,-62,-33,-156;
212,281,16558,113,-83,-4450,-61,-34,-156;
248,78,16923,86,-80,-4764,-61,-35,-156;
244,-25,17010,112,-91,-5089,-60,-36,-156;
-142,-184,17409,148,-89,-5414,-60,-37,-156;
192,137,16769,151,-97,-5761,-59,-38,-155;
109,24,17124,119,-93,-6102,-58,-39,-155;
-74,188,17444,118,-108,-6431,-58,-41,-155;
-62,195,16931,136,-114,-6743,-57,-42,-155;
39,21,16345,121,-101,-7047,-56,-43,-155;
-128,340,16898,202,-129,-7303,-55,-43,-155;
-86,485,17009,231,-134,-7551,-54,-45,-155;
-172,572,17063,236,-129,-7781,-53,-46,-155;
-294,861,16925,267,-147,-7970,-52,-47,-156;
47,1014,16541,260,-175,-8141,-51,-48,-156;
-112,1005,17426,327,-192,-8278,-49,-50,-156;
-278,623,17989,356,-187,-8376,-48,-51,-156;
-272,709,17587,434,-190,-8452,-47,-52,-156;
-382,719,18052,504,-203,-8479,-45,-53,-156;
-418,996,18169,538,-216,-8476,-44,-55,-156;
-424,658,18098,478,-199,-8446,-42,-57,-157;
-402,910,17406,444,-197,-8385,-41,-58,-157;
-384,1143,16862,480,-215,-8298,-39,-59,-157;
-390,615,17362,399,-198,-8167,-38,-60,-157;
-601,28,18283,303,-171,-7981,-37,-61,-157;
-990,-437,18088,118,-122,-7780,-35,-62,-157;
-887,64,16954,-4,-133,-7542,-34,-63,-157;
-954,-143,17012,-225,-104,-7271,-33,-64,-157;
-821,-695,16929,-282,-69,-6957,-31,-65,-157;
-751,-664,17219,-321,-59,-6636,-30,-66,-157;
-708,-475,16666,-300,-53,-6293,-28,-67,-157;
-664,-770,17046,-350,-28,-5964,-27,-68,-157;
-680,-884,17156,-405,-17,-5659,-26,-68,-157;
-548,-448,16160,-362,5,-5371,-25,-69,-157;
-416,360,14822,-350,21,-5123,-24,-70,-157;
-146,347,14690,-287,29,-4868,-22,-70,-157;
-145,368,15062,-157,28,-4641,-21,-71,-157;
-185,351,14985,-35,30,-4428,-20,-71,-157;
-262,905,14972,-14,0,-4259,-19,-72,-157;
-400,725,15212,89,-8,-4084,-18,-72,-157;
-496,666,15570,10,6,-3979,-18,-72,-157;
-646,514,16101,110,-9,-3848,-17,-72,-157;
-600,452,16082,62,5,-3708,-16,-73,-157;
-545,52,16607,90,-13,-3553,-15,-73,-157;
-458,-31,16707,92,-24,-3413,-15,-73,-157;
-300,323,16378,136,-47,-3270,-14,-73,-157;
-204,147,16402,67,-22,-3119,-14,-73,-157;
-50,170,16360,95,-32,-2974,-13,-72,-157;
-186,74,16578,84,-24,-2827,-12,-72,-157;
-75,40,16147,19,-1,-2699,-12,-72,-157;
-6,124,16044,74,-19,-2540,-11,-72,-157;
159,71,15854,32,-20,-2391,-10,-72,-157;
172,-170,15994,86,-16,-2223,-10,-72,-157;
102,52,16015,15,-1,-2062,-9,-73,-157;
84,-190,16289,59,-5,-1870,-8,-73,-158;
-68,-417,16794,55,-9,-1686,-8,-73,-158;
-77,-372,16525,66,-17,-1502,-8,-73,-158;
-108,-428,16573,67,-20,-1322,-7,-73,-158;
-55,-386,16420,65,-20,-1141,-7,-74,-158;
-197,-440,16534,32,-16,-966,-7,-74,-158;
-200,-503,16596,7,-3,-766,-7,-74,-158;
-281,-413,16508,-18,2,-565,-7,-74,-157;
-288,-98,16400,-1,-4,-372,-7,-74,-157;
-452,-74,16414,17,-9,-183,-7,-74,-157;
-486,19,16399,15,-7,1,-7,-74,-157;
-528,21,16369,-7,1,185,-7,-74,-157;
-509,-16,16430,-16,7,374,-7,-74,-157;
-505,-186,16388,-27,12,587,-7,-74,-158;
-631,-215,16421,-41,12,823,-7,-74,-158;
-494,-188,16422,-32,13,1080,-7,-74,-158;
-373,-121,16356,-38,23,1308,-7,-73,-157;
-398,-380,16314,-44,28,1556,-7,-73,-158;
-366,-568,16279,-72,25,1821,-7,-73,-158;
-194,-384,16554,-60,33,2098,-7,-73,-158;
-283,-461,16675,-94,47,2368,-8,-73,-158;
-179,-496,16578,-43,29,2658,-9,-72,-158;
-257,-510,16532,-87,44,2921,-9,-72,-158;
-277,-380,16814,-76,46,3208,-10,-72,-158;
-69,-515,16804,-37,33,3477,-11,-72,-158;
-256,-410,17156,-85,47,3734,-12,-72,-158;
-532,-646,17096,-102,45,4048,-13,-72,-158;
-662,-692,16986,-202,64,4338,-13,-72,-158;
-707,-597,17299,-108,48,4641,-14,-72,-158;
-804,-1036,16810,-170,36,4925,-15,-72,-158;
-635,-972,16086,-184,48,5227,-16,-71,-158;
-518,-722,16131,-210,72,5518,-17,-71,-158;
-646,-466,16136,-180,55,5824,-18,-71,-158;
-764,-373,15942,-253,97,6105,-19,-71,-158;
-952,102,16552,-265,110,6388,-20,-70,-158;
-831,113,16044,-219,68,6645,-21,-69,-158;
-420,149,15959,-135,42,6858,-22,-68,-158;
-242,405,15842,-121,46,7065,-23,-67,-158;
-290,489,15659,-233,74,7245,-25,-67,-157;
-134,1014,15780,-210,111,7407,-26,-66,-157;
-470,1116,17109,-253,108,7555,-28,-66,-157;
-606,766,15926,-343,127,7655,-29,-65,-157;
-441,710,16117,-339,136,7750,-31,-64,-157;
-329,638,15181,-409,120,7802,-33,-63,-157;
-246,184,14177,-471,145,7808,-34,-62,-157;
-219,410,14387,-552,205,7800,-36,-61,-157;
-488,772,14871,-643,232,7762,-38,-60,-157;
-473,958,15556,-562,210,7696,-39,-59,-156;
-330,702,14492,-503,207,7594,-40,-58,-156;
-687,470,14710,-548,200,7451,-42,-57,-156;
-215,331,13980,-503,166,7278,-43,-56,-157;
-325,448,15018,-478,164,7093,-44,-54,-156;
-357,462,14920,-430,140,6896,-45,-53,-156;
-312,456,15324,-369,144,6694,-46,-52,-156;
-176,669,15112,-265,112,6505,-47,-51,-156;
-225,341,15339,-239,97,6304,-49,-50,-156;
-227,236,15052,-226,103,6121,-50,-48,-156;
-394,80,14891,-256,108,5959,-51,-47,-157;
-516,277,15754,-362,122,5823,-52,-46,-157;
-135,343,15649,-335,109,5729,-53,-45,-157;
-278,467,15572,-339,137,5640,-54,-43,-157;
-183,590,15911,-327,119,5576,-55,-43,-157;
-114,464,15807,-386,146,5509,-55,-42,-157;
-32,386,16048,-354,130,5468,-56,-40,-157;
-250,330,16392,-472,146,5438,-57,-39,-157;
-148,212,15982,-459,139,5421,-58,-38,-157;
-63,26,16123,-454,125,5363,-58,-37,-157;
-62,6,15913,-470,132,5287,-59,-36,-157;
-13,102,15980,-420,124,5183,-59,-36,-157;
-112,474,16182,-385,113,5036,-60,-35,-157;
-157,367,16294,-326,87,4884,-60,-34,-157;
-155,319,16195,-278,72,4714,-61,-32,-157;
-101,342,16298,-242,57,4532,-62,-31,-157;
-170,537,16482,-194,36,4304,-62,-31,-157;
-27,560,16817,-108,13,4046,-63,-30,-157;
-168,687,16945,-74,1,3780,-63,-29,-157;
-268,854,16854,-59,-9,3535,-63,-29,-157;
88,1084,16931,29,-37,3263,-64,-28,-157;
76,1034,16938,82,-52,2988,-64,-27,-157;
5,609,16760,92,-52,2744,-64,-26,-157;
18,638,16733,75,-42,2501,-65,-25,-157;
-17,698,16676,61,-31,2268,-65,-25,-158;
-103,718,16587,48,-32,2035,-65,-24,-158;
-90,730,16625,37,-24,1819,-65,-24,-157;
-94,757,16545,24,-15,1611,-66,-23,-157;
-60,814,16554,29,-14,1414,-66,-23,-157;
-39,672,16531,31,-8,1218,-66,-22,-157;
-285,412,16400,7,-2,1043,-67,-22,-157;
-282,400,16418,4,-3,865,-67,-22,-157;
-243,352,16406,9,-6,693,-67,-22,-157;
-231,387,16410,12,-9,525,-67,-22,-157;
-239,393,16435,15,-13,371,-67,-22,-157;
-237,268,16494,0,-7,242,-67,-22,-157;
-239,243,16495,7,-11,109,-67,-22,-157;
-224,288,16516,-11,-4,-36,-66,-22,-157;
-180,241,16491,-25,2,-199,-66,-22,-157;
-245,207,16493,-61,17,-372,-66,-22,-157;
-206,190,16505,-84,27,-555,-66,-22,-157;
-170,196,16506,-113,38,-733,-66,-22,-157;
-198,187,16504,-137,49,-924,-66,-23,-157;
-159,128,16509,-160,58,-1135,-65,-23,-157;
-82,152,16455,-174,66,-1379,-65,-23,-157;
25,284,16293,-175,62,-1655,-65,-23,-157;
-33,337,16326,-207,75,-1926,-66,-23,-157;
-38,280,16534,-214,86,-2194,-66,-23,-157;
-28,285,16538,-219,96,-2455,-66,-24,-157;
151,332,16472,-208,90,-2733,-65,-24,-157;
154,412,16249,-214,106,-3005,-65,-24,-157;
276,364,16070,-179,97,-3287,-65,-24,-157;
294,416,16315,-189,107,-3563,-65,-24,-157;
337,430,16114,-151,105,-3814,-64,-25,-157;
282,451,15961,-134,106,-4042,-64,-26,-158;
139,415,16157,-106,93,-4267,-63,-27,-158;
53,368,16422,-53,81,-4492,-63,-28,-158;
142,514,15935,-19,69,-4711,-62,-28,-158;
282,621,15700,27,60,-4936,-62,-29,-158;
288,657,15518,50,62,-5147,-62,-30,-158;
194,548,16083,59,33,-5345,-61,-31,-158;
-195,413,16922,81,18,-5536,-61,-32,-158;
-185,396,16660,304,-45,-5721,-60,-33,-158;
-396,380,17381,510,-123,-5915,-59,-34,-158;
-370,135,17666,687,-214,-6106,-59,-35,-158;
-263,15,17904,809,-254,-6272,-58,-36,-158;
219,135,17010,792,-264,-6422,-58,-37,-158;
-8,149,17328,827,-292,-6555,-57,-39,-158;
-95,186,17455,840,-317,-6657,-56,-40,-157;
-228,53,17184,810,-307,-6724,-55,-41,-157;
-188,-92,16792,816,-286,-6773,-53,-43,-157;
-35,-50,16332,794,-278,-6818,-52,-44,-157;
-43,-112,16497,626,-250,-6841,-52,-45,-157;
228,249,15422,453,-188,-6864,-51,-47,-157;
276,507,14618,296,-103,-6858,-50,-48,-157;
238,843,14284,214,-71,-6865,-49,-49,-157;
-177,667,14860,226,-59,-6861,-47,-51,-157;
-136,546,14782,215,-54,-6851,-46,-52,-157;
-420,233,15300,137,-46,-6830,-45,-53,-157;
-454,396,16100,201,-73,-6795,-44,-55,-157;
-427,662,16176,221,-86,-6769,-43,-55,-157;
-553,1018,16265,238,-98,-6703,-41,-56,-157;
-590,1150,16114,214,-79,-6658,-40,-57,-157;
-914,549,17294,147,-62,-6593,-38,-58,-157;
-1007,663,17762,141,-67,-6535,-37,-59,-157;
-1157,286,17989,108,-54,-6466,-36,-60,-157;
-1242,121,18157,115,-57,-6403,-35,-61,-157;
-1186,112,18220,100,-49,-6306,-33,-61,-158;
-1006,483,17984,253,-78,-6186,-32,-62,-157;
-917,634,17772,269,-82,-6063,-31,-63,-157;
-1054,700,17876,326,-108,-5908,-30,-64,-157;
-875,476,17949,336,-102,-5755,-29,-64,-157;
-843,-13,18260,322,-98,-5528,-28,-65,-157;
-638,163,17285,355,-119,-5316,-27,-66,-157;
-701,131,17483,346,-125,-5106,-26,-66,-157;
-561,192,17411,350,-131,-4858,-25,-66,-157;
-367,468,17250,364,-139,-4597,-24,-66,-157;
-338,383,17122,344,-145,-4362,-23,-67,-157;
-310,170,17116,212,-101,-4131,-22,-67,-157;
-442,-131,16965,156,-91,-3912,-21,-68,-157;
-375,-229,16922,93,-65,-3714,-20,-68,-157;
-406,-169,16540,68,-64,-3535,-19,-69,-157;
-509,204,16463,116,-82,-3388,-18,-69,-157;
-643,122,16822,82,-63,-3220,-17,-69,-157;
-627,-177,16849,84,-63,-3054,-16,-70,-157;
-527,-152,16664,77,-46,-2907,-16,-70,-157;
-598,-241,16646,50,-42,-2773,-15,-70,-157;
-610,3,16750,44,-27,-2629,-15,-71,-157;
-678,124,16521,65,-32,-2499,-14,-71,-157;
-442,264,16584,74,-35,-2375,-14,-71,-157;
-412,345,16447,102,-44,-2281,-13,-71,-157;
-349,316,16569,82,-32,-2195,-13,-71,-157;
-226,426,16249,64,-28,-2128,-13,-71,-157;
-98,593,16347,109,-39,-2079,-12,-71,-158;
-14,675,16286,90,-35,-2028,-12,-71,-158;
-86,697,16218,95,-45,-1965,-12,-71,-158;
-45,748,16186,100,-47,-1897,-11,-71,-158;
-58,441,16181,107,-49,-1837,-11,-71,-158;
-123,258,16207,92,-42,-1769,-10,-71,-158;
-259,199,16215,82,-35,-1721,-10,-71,-158;
-222,220,16233,53,-28,-1667,-10,-71,-158;
-284,316,16097,86,-34,-1614,-9,-71,-158;
-324,245,16099,67,-25,-1560,-9,-71,-158;
-357,299,15913,48,-22,-1503,-9,-72,-158;
-434,321,16024,50,-20,-1445,-8,-72,-158;
-486,389,16157,52,-20,-1403,-8,-72,-158;
-464,420,16322,41,-14,-1362,-8,-71,-158;
-423,574,16276,42,-11,-1330,-7,-72,-159;
-339,792,16283,52,-21,-1328,-7,-72,-159;
-318,722,16304,57,-26,-1309,-6,-72,-159;
-370,623,16345,59,-25,-1266,-6,-72,-159;
-403,539,16394,50,-26,-1224,-6,-72,-159;
-451,473,16453,46,-25,-1179,-5,-72,-159;
-428,408,16511,40,-23,-1121,-5,-72,-159;
-417,370,16528,57,-25,-1073,-5,-73,-159;
-357,316,16501,45,-21,-1026,-5,-73,-159;
-382,172,16398,40,-20,-985,-5,-73,-159;
-420,119,16402,42,-21,-939,-4,-73,-159;
-405,20,16434,40,-17,-873,-4,-73,-159;
-438,70,16433,39,-14,-799,-4,-73,-159;
-332,57,16411,34,-12,-727,-4,-73,-159;
-288,-12,16395,14,-5,-645,-4,-73,-159;
-223,82,16426,20,-6,-556,-4,-73,-158;
-267,85,16443,18,-5,-465,-4,-73,-158;
-220,140,16394,7,-2,-365,-4,-73,-158;
-276,110,16405,-11,1,-262,-4,-73,-158;
-319,183,16396,-22,2,-150,-4,-73,-158;
-256,318,16463,-15,3,-30,-3,-73,-159;
-275,256,16439,-11,3,106,-3,-73,-159;
-243,238,16412,-10,1,260,-3,-74,-159;
-276,159,16352,-5,-3,432,-3,-74,-159;
-276,299,16274,-27,9,592,-3,-74,-159;
-252,375,16349,-27,13,742,-4,-74,-159;
-187,362,16330,-40,17,887,-4,-74,-159;
-163,487,16536,-17,13,1035,-4,-74,-159;
-100,439,16506,4,9,1188,-4,-74,-159;
-48,389,16540,26,2,1360,-5,-74,-159;
-144,242,16476,-18,8,1527,-5,-74,-159;
-39,253,16448,4,0,1714,-5,-74,-159;
-29,95,16419,5,-6,1903,-6,-73,-159;
6,142,16194,-75,22,2065,-6,-73,-159;
54,-176,15946,-48,11,2282,-7,-73,-159;
-127,-274,15696,-122,31,2502,-7,-72,-159;
-192,-317,15682,-112,24,2753,-7,-72,-159;
-141,-624,15103,-143,31,3020,-8,-72,-158;
-394,-552,15341,-203,52,3298,-9,-72,-158;
-357,-438,15133,-191,62,3572,-9,-73,-158;
-284,-597,14844,-145,51,3870,-10,-72,-158;
-449,-268,15441,-101,49,4147,-11,-72,-158;
-570,-237,15483,-97,43,4420,-11,-72,-158;
-795,-203,16252,-75,26,4728,-12,-72,-158;
-670,46,16266,-134,34,5026,-13,-72,-158;
-615,-30,16403,-53,5,5341,-14,-72,-158;
-600,-124,15878,-14,-3,5639,-15,-72,-158;
-678,-266,15826,94,-39,5940,-16,-72,-158;
-468,-391,15237,84,-62,6239,-17,-71,-158;
-588,-515,15181,29,-47,6525,-19,-70,-158;
-560,-383,14991,-32,-14,6814,-20,-69,-158;
-616,-840,14900,-191,24,7097,-21,-69,-158;
-852,-893,15230,-292,74,7383,-23,-68,-158;
-677,-1311,14645,-299,81,7678,-24,-67,-158;
-786,-1274,14656,-233,81,7923,-26,-66,-158;
-482,-1332,13658,-274,109,8169,-27,-65,-158;
-456,-1394,13198,-358,135,8391,-29,-64,-158;
-426,-937,13849,-507,175,8590,-31,-63,-158;
-447,-382,15506,-510,190,8736,-32,-61,-158;
-320,-657,14066,-483,186,8875,-34,-60,-158;
-334,-610,13969,-458,148,8974,-36,-59,-158;
-283,-598,13577,-411,140,9061,-38,-58,-158;
-129,-78,13959,-319,121,9077,-39,-56,-158;
-117,226,14255,-287,115,9073,-41,-55,-158;
-67,-113,14012,-306,109,9075,-42,-54,-158;
-48,-96,14285,-265,84,9061,-44,-53,-158;
-168,543,16314,-272,97,9025,-45,-52,-158;
-19,464,15806,-232,100,8958,-47,-51,-158;
232,40,13430,-198,89,8922,-48,-50,-158;
314,-53,14521,-197,88,8824,-49,-48,-158;
316,628,15837,-173,102,8689,-51,-47,-158;
526,929,15325,-215,111,8529,-52,-45,-158;
861,678,14448,-214,99,8373,-54,-44,-157;
933,747,14098,-231,121,8164,-55,-42,-157;
907,1037,14820,-244,130,7937,-56,-41,-157;
656,1366,15723,-299,149,7681,-57,-39,-157;
668,994,15002,-340,142,7433,-58,-38,-157;
599,1074,15622,-394,146,7166,-59,-37,-157;
220,1576,17186,-470,179,6891,-60,-35,-157;
72,1901,17909,-577,200,6661,-61,-34,-157;
10,1382,17168,-649,210,6465,-61,-32,-157;
-118,1198,17534,-626,197,6301,-62,-31,-157;
-336,1204,17784,-692,218,6175,-62,-30,-157;
-499,1360,17993,-724,210,6063,-63,-28,-158;
-630,1286,17662,-809,232,6000,-63,-27,-158;
-604,1295,17698,-763,200,5937,-64,-25,-158;
-586,1215,17430,-697,183,5867,-65,-23,-158;
-810,1108,16902,-677,168,5855,-65,-22,-158;
-624,418,15943,-613,144,5839,-65,-21,-158;
-594,512,15482,-500,90,5827,-66,-20,-158;
-562,419,15448,-431,65,5806,-66,-18,-158;
-536,481,15689,-409,55,5747,-66,-17,-158;
-400,446,15410,-404,38,5705,-67,-16,-158;
-212,108,15230,-349,19,5648,-67,-15,-158;
-104,187,15366,-279,-7,5559,-67,-13,-158;
-72,-44,15002,-255,-8,5481,-67,-12,-158;
108,-22,14688,-208,-21,5418,-67,-11,-158;
251,-60,14782,-168,-25,5304,-67,-10,-158;
190,162,15256,-149,-34,5194,-68,-9,-158;
179,240,15441,-138,-29,5080,-68,-8,-158;
29,194,15529,-118,-30,4968,-68,-6,-158;
38,43,15332,-52,-54,4871,-68,-5,-158;
-56,-44,15478,23,-73,4739,-68,-4,-158;
65,84,15506,79,-90,4621,-68,-3,-158;
8,-9,15541,143,-108,4502,-68,-3,-158;
-50,-58,15648,150,-107,4382,-68,-2,-158;
-188,-42,15920,142,-100,4257,-69,-1,-158;
-235,-40,16022,165,-105,4147,-69,0,-158;
-277,-100,16034,186,-105,4036,-69,0,-158;
-350,-237,16059,178,-100,3918,-69,1,-158;
-314,-349,16014,164,-95,3787,-69,2,-158;
-175,-153,16152,132,-75,3638,-69,2,-158;
-203,18,16272,116,-61,3515,-69,3,-158;
-508,36,16386,50,-36,3404,-69,4,-158;
-478,154,16413,-41,-3,3289,-69,5,-158;
-432,230,16449,-110,22,3154,-70,5,-158;
-387,203,16434,-158,42,3009,-70,6,-158;
-380,324,16452,-198,51,2868,-70,7,-158;
-296,390,16479,-224,56,2721,-70,7,-158;
-219,504,16595,-243,67,2586,-69,8,-158;
-98,614,16605,-252,77,2458,-69,9,-158;
-276,553,16512,-269,82,2349,-69,10,-159;
-249,443,16456,-282,85,2230,-69,11,-159;
-213,508,16413,-261,74,2083,-69,11,-159;
-232,433,16374,-195,51,1932,-69,12,-159;
-264,427,16416,-147,36,1799,-69,12,-159;
-316,404,16457,-108,21,1675,-69,12,-159;
-354,247,16441,-85,21,1545,-69,13,-159;
-445,172,16436,-61,15,1403,-69,13,-159;
-510,89,16443,-45,11,1248,-69,14,-159;
-540,80,16437,-27,5,1098,-69,14,-159;
-583,26,16421,-6,-1,936,-69,14,-159;
-602,14,16375,17,-9,766,-69,14,-159;
-579,8,16399,30,-13,622,-70,15,-159;
-578,40,16400,27,-12,492,-69,15,-159;
-591,54,16395,19,-9,366,-69,15,-159;
-555,119,16387,28,-12,245,-69,16,-159;
-492,192,16385,36,-14,133,-69,16,-159;
-424,272,16367,42,-16,30,-69,16,-159;
-407,334,16375,32,-13,-75,-69,16,-159;
-408,338,16369,14,-6,-185,-69,16,-159;
-390,378,16390,2,-2,-292,-69,16,-159;
-386,408,16426,-9,1,-412,-69,16,-159;
-434,258,16483,-22,7,-546,-69,16,-159;
-462,202,16491,-41,14,-718,-69,16,-159;
-433,222,16523,-74,28,-913,-69,16,-159;
-436,161,16526,-109,41,-1114,-69,16,-159;
-437,217,16554,-170,64,-1327,-69,15,-159;
-466,174,16539,-208,80,-1565,-69,15,-159;
-464,154,16462,-224,91,-1806,-69,14,-158;
-505,124,16479,-243,102,-2043,-69,14,-158;
-512,154,16428,-263,119,-2307,-69,14,-158;
-496,-75,16420,-229,114,-2571,-69,14,-159;
-482,149,16381,-223,114,-2830,-69,13,-159;
-450,197,16357,-203,110,-3072,-69,12,-159;
-469,154,16316,-141,100,-3313,-69,11,-159;
-536,324,16324,-107,93,-3561,-69,11,-159;
-600,276,16284,-59,76,-3821,-69,10,-159;
-644,160,16446,-62,65,-4069,-69,10,-159;
-695,1,16462,-46,63,-4335,-70,9,-159;
-655,-24,16362,-18,57,-4622,-70,7,-159;
-651,-214,16445,6,45,-4908,-69,6,-158;
-725,12,16564,-55,60,-5176,-69,5,-158;
-678,-174,16462,-63,55,-5476,-69,4,-158;
-632,-286,16549,-52,57,-5793,-69,3,-158;
-616,-326,16504,-66,62,-6107,-69,2,-158;
-576,-632,16460,-70,71,-6443,-69,1,-158;
-452,-354,16489,-58,91,-6809,-69,0,-158;
-286,-58,16197,21,115,-7236,-69,-1,-158;
-106,232,16136,136,113,-7674,-69,-2,-158;
33,180,15972,354,110,-8139,-69,-3,-158;
217,441,15825,527,113,-8562,-69,-5,-158;
375,419,15966,594,101,-9003,-69,-6,-158;
652,370,15850,625,108,-9421,-68,-8,-158;
666,155,16243,683,129,-9770,-68,-10,-158;
743,366,15997,749,111,-10120,-67,-12,-158;
919,551,15977,720,108,-10435,-67,-14,-158;
876,326,15776,785,86,-10706,-66,-17,-158;
715,256,16075,825,50,-10909,-65,-19,-158;
730,93,15606,712,52,-11072,-64,-21,-158;
719,321,15402,568,53,-11167,-63,-24,-157;
804,275,15129,450,52,-11270,-62,-26,-158;
702,408,15152,519,33,-11359,-61,-29,-158;
465,508,15856,581,23,-11418,-59,-31,-158;
392,1121,15425,763,-67,-11486,-58,-33,-158;
399,970,15453,913,-113,-11526,-57,-36,-158;
750,1229,14084,1145,-205,-11520,-56,-37,-158;
845,1047,14432,1203,-256,-11436,-54,-39,-158;
1198,1362,13999,1180,-297,-11267,-53,-41,-158;
941,1102,14746,1207,-323,-11059,-51,-43,-158;
652,1286,16181,1194,-359,-10810,-49,-46,-158;
616,1491,16354,1145,-381,-10520,-48,-47,-158;
641,1249,16415,1071,-388,-10157,-46,-49,-158;
628,1044,15032,989,-409,-9768,-45,-51,-157;
569,554,15092,770,-345,-9353,-44,-53,-157;
375,1058,15145,560,-295,-8909,-42,-55,-157;
-274,945,17088,388,-245,-8475,-40,-57,-157;
-608,568,17773,223,-202,-8092,-39,-59,-157;
-1073,253,18277,256,-179,-7757,-37,-60,-157;
-1080,736,18522,222,-163,-7494,-36,-60,-157;
-801,739,16684,227,-132,-7278,-34,-61,-157;
-1150,735,17015,280,-136,-7081,-33,-62,-158;
-1261,609,17104,248,-102,-6950,-31,-63,-158;
-1261,946,17602,247,-73,-6844,-30,-64,-158;
-1102,1147,17544,215,-79,-6793,-28,-65,-158;
-741,768,16904,247,-94,-6765,-26,-65,-158;
-717,687,16555,302,-106,-6762,-25,-66,-158;
-540,1180,15615,473,-122,-6751,-24,-66,-158;
71,1331,14469,340,-89,-6769,-23,-67,-158;
424,1241,13118,334,-81,-6715,-21,-68,-158;
242,764,14276,239,-63,-6653,-20,-69,-158;
404,562,14090,223,-60,-6579,-18,-69,-158;
505,1027,13596,284,-88,-6501,-17,-70,-158;
674,1125,13105,243,-59,-6432,-16,-70,-158;
435,1109,13448,352,-78,-6337,-15,-71,-159;
370,1041,14671,400,-75,-6262,-13,-71,-159;
343,1222,14455,357,-59,-6212,-12,-72,-159;
390,1248,14258,207,-42,-6132,-11,-72,-159;
-13,986,15204,250,-53,-6046,-9,-73,-159;
-73,1238,15320,324,-92,-5984,-8,-73,-159;
223,1730,14650,413,-128,-5927,-7,-74,-159;
159,1930,14136,462,-137,-5899,-6,-74,-159;
102,1673,15085,494,-148,-5841,-5,-74,-159;
-44,1495,16201,537,-177,-5785,-3,-75,-159;
229,1402,15942,381,-149,-5733,-2,-75,-159;
76,1370,14989,375,-155,-5656,-1,-76,-159;
402,1281,14458,289,-133,-5569,0,-76,-159;
512,1171,14280,265,-130,-5480,0,-77,-160;
405,960,14006,265,-138,-5379,1,-77,-160;
276,584,14824,225,-117,-5270,3,-77,-160;
160,406,15811,231,-116,-5087,4,-77,-160;
146,142,16105,136,-93,-4927,5,-77,-159;
280,128,15383,63,-68,-4759,6,-76,-159;
140,14,15405,94,-88,-4571,7,-76,-159;
86,188,14893,187,-102,-4380,8,-76,-159;
68,8,15787,96,-71,-4185,9,-76,-159;
-118,-373,16739,134,-65,-3957,10,-75,-160;
-117,-281,17052,186,-70,-3773,11,-75,-160;
-154,-199,17151,143,-43,-3573,12,-75,-160;
-210,-296,17277,168,-44,-3355,13,-75,-160;
-159,-286,16612,138,-41,-3204,13,-75,-160;
-36,-366,16868,153,-50,-3010,14,-75,-160;
-67,-382,16869,133,-38,-2821,15,-75,-160;
155,-300,16480,126,-30,-2623,15,-76,-160;
54,-368,16880,80,-22,-2435,16,-76,-160;
22,-207,16851,107,-34,-2246,17,-76,-160;
62,-23,16450,105,-35,-2070,17,-76,-160;
-39,-54,16603,94,-28,-1881,18,-75,-160;
105,76,16735,142,-48,-1706,18,-75,-160;
179,80,16575,108,-43,-1541,18,-75,-160;
57,-114,16600,70,-31,-1373,19,-75,-160;
-14,-45,16636,55,-23,-1206,19,-75,-160;
-72,-11,16546,68,-33,-1061,19,-75,-161;
-250,-62,16646,51,-26,-932,19,-75,-161;
-164,-28,16651,48,-23,-801,20,-75,-161;
-151,-30,16386,26,-16,-685,20,-75,-161;
-154,20,16426,32,-17,-578,20,-75,-161;
-194,18,16422,33,-15,-479,20,-75,-161;
-312,30,16433,20,-7,-385,21,-75,-161;
-426,149,16456,11,-3,-304,21,-74,-161;
-518,195,16473,13,-1,-234,21,-75,-161;
-517,240,16470,21,-1,-178,21,-75,-161;
-469,287,16379,7,3,-123,21,-75,-160;
-398,344,16406,-3,6,-67,21,-75,-160;
-424,275,16393,-9,7,-2,21,-75,-160;
-414,219,16381,-17,7,67,21,-75,-160;
-442,165,16365,-26,8,147,21,-75,-160;
-461,127,16349,-39,5,235,21,-75,-160;
-359,152,16332,-29,2,325,21,-75,-160;
-250,166,16327,-16,-2,417,21,-75,-160;
-195,151,16318,-14,-2,514,21,-75,-160;
-162,134,16299,-21,1,614,21,-75,-160;
-273,14,16306,-18,0,728,21,-75,-160;
-251,10,16281,-22,0,850,21,-75,-160;
-202,65,16251,-46,4,970,21,-75,-160;
-96,47,16195,-43,8,1086,21,-74,-160;
35,57,16275,-31,5,1221,21,-74,-161;
10,5,16310,-38,12,1363,21,-74,-161;
-168,71,16484,-66,20,1514,20,-74,-161;
-3,-139,16258,-88,35,1686,20,-74,-161;
54,-214,16184,-112,45,1878,19,-75,-161;
105,-178,16167,-93,43,2091,19,-74,-161;
206,-69,16266,-109,60,2317,18,-74,-161;
85,-442,16112,-152,68,2540,18,-74,-161;
47,-484,16322,-106,69,2781,17,-75,-161;
-69,-195,16765,-41,52,3031,17,-75,-161;
-405,-400,16541,-85,56,3247,16,-75,-161;
-67,-474,16315,-106,63,3495,15,-75,-161;
-77,-621,16412,-82,48,3722,15,-75,-161;
-365,-556,15989,-107,53,3901,14,-75,-160;
-565,-410,16386,-98,52,4089,13,-75,-160;
-680,-218,16862,-83,48,4264,12,-76,-160;
-698,-153,17076,-85,40,4413,11,-76,-160;
-546,174,17176,-74,39,4549,10,-76,-160;
-515,-69,16762,-98,24,4686,9,-76,-160;
-386,-502,16054,-163,41,4837,8,-76,-160;
111,-440,15853,-92,26,4998,8,-76,-160;
-76,-467,15521,-110,38,5114,7,-76,-160;
148,-588,15179,-198,62,5261,5,-76,-160;
256,-446,15668,-261,73,5441,4,-76,-159;
367,-649,15139,-269,71,5623,3,-76,-159;
443,-1242,14744,-240,55,5823,2,-76,-159;
576,-872,15353,-214,60,6028,1,-75,-159;
629,-995,14751,-185,55,6275,0,-75,-159;
772,-506,15094,-179,94,6496,0,-75,-159;
674,-340,15552,-172,88,6714,-2,-74,-159;
480,-300,15009,-268,130,6963,-3,-74,-159;
476,-382,15122,-204,106,7256,-5,-74,-159;
411,-226,15283,-135,102,7583,-6,-74,-159;
264,107,16113,-57,70,7938,-8,-74,-158;
195,-276,15341,-201,94,8320,-9,-73,-158;
58,-162,15374,-367,156,8686,-11,-72,-158;
-324,-592,15062,-399,147,9050,-13,-72,-157;
-251,39,16124,-348,134,9401,-15,-71,-157;
-613,-624,15443,-439,115,9759,-17,-70,-157;
-688,-92,16648,-459,114,10094,-19,-70,-157;
-772,49,17386,-421,73,10442,-21,-69,-157;
-631,143,16180,-458,100,10751,-23,-69,-157;
-395,-307,14558,-567,132,11001,-25,-67,-157;
-298,-887,12834,-674,176,11204,-27,-66,-157;
36,-386,14200,-587,164,11332,-29,-65,-157;
277,259,14385,-442,115,11393,-31,-64,-158;
491,370,12890,-515,150,11413,-33,-63,-158;
248,-290,13182,-697,207,11412,-35,-61,-157;
705,549,13631,-587,207,11387,-37,-60,-157;
940,-154,12096,-646,234,11336,-40,-58,-157;
912,-88,12151,-722,295,11160,-42,-56,-157;
748,219,13775,-707,280,10948,-44,-54,-157;
512,737,14795,-653,249,10649,-46,-52,-157;
734,1164,15986,-520,217,10322,-47,-50,-157;
495,1058,15686,-444,209,10004,-49,-49,-157;
520,611,14846,-559,237,9756,-50,-47,-157;
524,271,15223,-577,241,9518,-52,-45,-157;
543,542,14284,-513,220,9249,-53,-43,-156;
96,218,14537,-572,224,8977,-55,-41,-156;
-193,710,14566,-566,224,8730,-56,-40,-156;
50,1354,14758,-472,181,8532,-57,-38,-156;
-38,1274,14938,-574,196,8376,-58,-37,-156;
34,1386,15752,-580,206,8289,-59,-36,-156;
4,1212,15461,-681,230,8229,-60,-34,-156;
174,1352,15494,-771,262,8151,-61,-32,-156;
-28,1520,16278,-835,285,8063,-62,-31,-156;
-37,1693,16840,-904,277,7991,-63,-30,-156;
0,1705,17315,-970,283,7924,-64,-29,-157;
250,1578,17140,-1025,289,7882,-64,-27,-157;
325,1261,17351,-1002,264,7829,-65,-25,-157;
112,595,17224,-1019,250,7777,-65,-23,-157;
154,565,16873,-925,220,7700,-66,-21,-157;
75,434,16540,-863,191,7618,-66,-19,-157;
0,415,16828,-840,164,7537,-67,-18,-158;
-186,356,16627,-775,121,7461,-67,-16,-158;
-146,218,16329,-637,71,7389,-67,-14,-158;
-182,219,16361,-515,39,7346,-68,-12,-158;
-115,124,15942,-402,3,7300,-68,-10,-158;
37,299,15797,-335,-17,7205,-68,-8,-158;
111,131,15740,-305,-23,7125,-69,-6,-158;
76,186,15962,-343,-12,7042,-69,-5,-158;
104,159,16217,-358,-10,6963,-69,-3,-158;
173,152,16324,-352,-6,6900,-69,-1,-158;
-4,238,16352,-263,-28,6823,-69,0,-158;
8,136,16534,-228,-38,6733,-69,1,-157;
113,56,16578,-305,-7,6618,-69,3,-157;
82,-34,16646,-295,0,6443,-69,5,-158;
-62,56,17022,-315,4,6250,-69,6,-158;
-194,-189,17094,-318,11,6081,-69,7,-158;
-419,-1,17246,-328,11,5876,-69,8,-158;
-524,-148,16932,-230,-17,5666,-68,9,-158;
-685,-108,16906,-213,-16,5420,-68,11,-158;
-850,-211,16819,-245,-7,5147,-68,12,-159;
-887,-294,16540,-273,6,4857,-68,13,-159;
-997,-172,16510,-291,16,4553,-68,14,-159;
-1212,-120,16637,-214,-13,4246,-68,15,-159;
-1197,24,16444,-190,-23,3946,-68,16,-159;
-1203,-56,16254,-147,-26,3658,-68,17,-159;
-1376,88,16438,-113,-40,3367,-68,18,-159;
-1293,77,16306,-84,-37,3088,-68,19,-159;
-1184,83,16439,-120,-15,2824,-68,19,-159;
-1117,-39,16422,-103,-15,2578,-68,20,-159;
-1032,-28,16524,-76,-18,2341,-67,20,-159;
-906,-66,16654,-81,-12,2125,-67,21,-159;
-747,-31,16639,-73,-11,1934,-67,21,-159;
-598,11,16525,-63,-11,1750,-67,21,-159;
-456,20,16581,-48,-11,1583,-66,22,-159;
-395,23,16587,-52,-6,1422,-66,22,-159;
-355,-30,16502,-45,-8,1266,-67,23,-159;
-288,-51,16489,-47,-3,1114,-67,23,-159;
-284,-22,16483,-41,-4,971,-66,23,-159;
-276,42,16440,-31,-5,837,-66,23,-158;
-265,115,16391,-13,-10,714,-66,24,-158;
-288,134,16373,7,-14,605,-66,24,-158;
-328,120,16318,16,-15,503,-66,24,-158;
-380,118,16346,17,-13,408,-66,24,-158;
-448,88,16346,36,-17,318,-66,24,-158;
-476,55,16374,46,-19,246,-66,24,-158;
-478,45,16388,36,-15,193,-66,24,-158;
-451,89,16397,32,-13,155,-66,24,-158;
-446,107,16398,26,-12,126,-66,24,-158;
-424,141,16420,24,-11,112,-66,25,-158;
-392,253,16409,30,-13,97,-66,25,-159;
-381,260,16429,45,-17,83,-66,25,-159;
-384,248,16436,59,-22,75,-66,25,-159;
-383,248,16432,76,-29,72,-66,25,-159;
-364,263,16429,84,-32,72,-66,25,-159;
-310,278,16439,89,-34,68,-66,25,-159;
-300,328,16452,90,-34,57,-66,25,-159;
-313,355,16436,92,-33,41,-66,25,-159;
-314,367,16422,91,-32,21,-66,25,-159;
-318,392,16407,87,-31,-6,-66,24,-159;
-294,297,16412,68,-25,-39,-66,24,-159;
-274,357,16412,34,-12,-87,-66,25,-159;
-227,505,16419,-13,3,-160,-66,25,-159;
-166,736,16398,-65,23,-267,-66,25,-159;
-223,938,16466,-91,39,-430,-66,25,-159;
-375,236,16485,-151,61,-564,-66,25,-159;
-428,110,16549,-157,66,-717,-66,25,-159;
-448,53,16592,-160,71,-906,-66,25,-159;
-441,-11,16583,-164,75,-1115,-66,25,-159;
-474,18,16590,-165,80,-1349,-66,24,-159;
-570,-29,16664,-146,88,-1580,-66,24,-159;
-604,-321,16566,-117,95,-1801,-66,24,-159;
-718,-502,16509,-54,105,-2027,-66,23,-159;
-801,-573,16646,-16,112,-2247,-66,22,-159;
-830,-894,16541,4,115,-2434,-67,22,-159;
-819,-264,16498,62,114,-2681,-67,21,-159;
-843,-93,16488,87,136,-2946,-67,20,-158;
-873,-33,16502,87,150,-3200,-67,20,-158;
-990,-43,16531,91,164,-3471,-67,19,-158;
-1043,-96,16558,109,182,-3744,-67,19,-159;
-1048,-72,16542,119,189,-4021,-67,18,-159;
-1128,250,16658,128,195,-4332,-67,17,-159;
-1088,347,16767,86,196,-4653,-67,16,-159;
-1132,180,16669,76,189,-4992,-67,15,-159;
-1045,70,16618,87,181,-5335,-67,15,-159;
-996,256,16673,110,158,-5710,-67,14,-159;
-915,214,16618,111,117,-6104,-67,13,-160;
-701,340,15963,202,33,-6550,-68,12,-160;
-456,525,15708,309,-59,-7010,-68,11,-160;
-523,268,17316,300,-69,-7449,-68,10,-160;
-324,280,17327,331,-78,-7872,-68,8,-159;
-5,242,17261,305,-92,-8286,-69,6,-159;
299,322,16915,373,-134,-8715,-69,5,-159;
360,473,16864,477,-133,-9119,-69,3,-159;
390,712,16926,582,-145,-9557,-69,1,-159;
587,856,16755,628,-146,-9979,-69,0,-158;
924,850,16481,627,-116,-10373,-69,-3,-158;
794,315,17757,563,-33,-10706,-69,-5,-158;
420,59,18443,565,22,-11009,-68,-8,-158;
879,454,16404,592,18,-11281,-68,-10,-158;
919,500,16762,663,-20,-11572,-67,-13,-158;
817,738,16066,901,-88,-11848,-66,-15,-158;
732,800,15782,1070,-127,-12050,-66,-17,-158;
863,780,16047,1256,-236,-12211,-64,-21,-158;
1198,1059,14534,1179,-224,-12306,-63,-24,-158;
1010,1375,15048,1272,-271,-12351,-62,-26,-158;
444,1182,15871,1194,-266,-12399,-61,-29,-158;
123,1456,15656,1199,-311,-12414,-60,-31,-158;
579,1772,15078,1098,-300,-12437,-59,-34,-158;
262,1323,14255,1013,-280,-12472,-57,-36,-158;
-133,1440,13840,951,-277,-12479,-56,-38,-158;
-282,1930,14881,871,-256,-12449,-54,-41,-158;
-456,2274,15930,784,-266,-12409,-52,-44,-158;
-471,2784,15590,540,-200,-12343,-51,-46,-157;
-1284,2571,18759,635,-270,-12237,-49,-47,-157;
-1256,2796,18348,581,-260,-12098,-47,-49,-157;
-1023,3201,18247,696,-283,-11876,-45,-51,-157;
-1250,2839,19433,666,-269,-11607,-43,-53,-157;
-1441,3258,19461,693,-258,-11282,-42,-54,-158;
-1177,3708,20659,821,-325,-10931,-40,-56,-158;
-1118,3660,21590,888,-331,-10555,-38,-57,-158;
-1107,2708,21140,696,-324,-10192,-36,-59,-158;
-1478,1700,21214,542,-256,-9823,-34,-60,-158;
-1362,1397,20479,595,-234,-9470,-32,-61,-158;
-938,946,19761,502,-186,-9135,-31,-63,-158;
-787,801,17875,376,-148,-8809,-29,-64,-158;
-1027,732,17369,367,-156,-8492,-27,-64,-158;
-698,1051,15663,290,-132,-8224,-25,-66,-158;
-799,-134,16080,137,-98,-7933,-24,-67,-158;
-1010,-610,15763,142,-90,-7662,-22,-68,-159;
-845,-454,14564,77,-74,-7440,-20,-68,-159;
-868,-363,14706,88,-25,-7187,-19,-68,-159;
-525,-94,14199,48,-2,-6970,-17,-69,-159;
-644,-387,15543,21,-25,-6738,-16,-69,-159;
-561,-263,14989,41,-18,-6545,-15,-69,-159;
-746,-1416,17671,-19,-9,-6363,-13,-70,-159;
-463,-1674,17511,4,-12,-6195,-12,-70,-159;
-236,-1689,17777,91,-28,-6037,-11,-70,-159;
-79,-840,17317,236,-57,-5912,-10,-71,-159;
141,-521,17883,228,-48,-5784,-9,-71,-159;
283,-479,17712,122,-15,-5682,-8,-71,-159;
182,-290,18170,183,-28,-5601,-7,-72,-159;
186,-91,18442,230,-53,-5512,-5,-72,-160;
282,-255,17779,152,-9,-5485,-4,-73,-160;
265,286,17502,95,-22,-5418,-3,-73,-160;
467,753,16932,163,-16,-5364,-1,-74,-160;
312,833,17314,121,-7,-5343,0,-74,-160;
249,940,17150,80,-6,-5304,0,-75,-160;
185,643,17139,72,-37,-5271,2,-75,-160;
-152,681,16672,61,-41,-5239,3,-75,-160;
-306,455,17294,122,-52,-5159,4,-75,-160;
-100,361,16918,118,-64,-5094,5,-75,-160;
-46,240,16392,137,-61,-5041,6,-75,-161;
-76,317,16122,135,-80,-4961,7,-75,-161;
-215,-24,15810,132,-55,-4901,8,-75,-161;
-247,105,15479,130,-84,-4829,8,-75,-161;
-137,48,15284,125,-82,-4739,9,-75,-161;
-178,95,15007,112,-67,-4671,10,-75,-161;
-124,34,14468,60,-26,-4612,11,-75,-161;
11,156,14754,53,-23,-4562,12,-75,-161;
173,279,14396,64,-50,-4509,13,-75,-161;
16,279,14822,52,-54,-4429,14,-74,-161;
-43,471,14943,69,-60,-4346,15,-74,-161;
-132,629,15139,98,-65,-4265,16,-74,-161;
-266,703,15587,133,-85,-4190,17,-74,-161;
-22,781,15745,148,-74,-4081,18,-74,-161;
-40,947,15698,138,-76,-4034,19,-74,-161;
77,906,16510,226,-96,-3953,20,-74,-161;
0,907,17322,265,-117,-3855,21,-74,-161;
66,872,17296,240,-108,-3757,22,-74,-161;
-161,720,17838,219,-88,-3656,23,-74,-162;
6,825,17193,241,-89,-3570,23,-75,-162;
-81,736,17220,166,-65,-3467,24,-75,-162;
-143,593,17383,165,-63,-3359,25,-75,-162;
0,444,17298,110,-38,-3222,26,-75,-162;
-347,243,17491,123,-36,-3121,26,-74,-162;
-280,177,17465,101,-32,-2955,27,-74,-162;
-422,83,17284,80,-27,-2794,28,-74,-162;
-347,126,17109,98,-33,-2636,29,-74,-162;
-435,-116,17132,54,-17,-2463,29,-74,-162;
-342,-226,16732,48,-18,-2296,30,-73,-162;
-361,-335,16877,41,-10,-2111,30,-73,-162;
-214,-302,16904,101,-30,-1944,31,-73,-162;
-237,-344,16998,74,-21,-1765,31,-73,-162;
-96,-210,16847,85,-30,-1608,31,-72,-162;
-127,-214,16657,62,-27,-1452,32,-72,-162;
-158,-224,16761,71,-25,-1299,32,-72,-162;
-44,-70,16346,46,-24,-1167,32,-71,-162;
-249,-120,16476,39,-19,-1024,32,-71,-162;
-239,39,16412,65,-24,-909,32,-71,-162;
-338,2,16378,57,-17,-780,33,-71,-161;
-400,3,16374,22,-11,-672,33,-70,-161;
-469,-41,16410,1,-4,-560,33,-70,-161;
-439,56,16388,7,-6,-460,33,-70,-162;
-491,63,16406,7,-4,-350,33,-70,-162;
-469,125,16371,12,-4,-241,33,-70,-162;
-467,86,16362,14,-4,-123,34,-70,-162;
-416,-8,16388,26,-6,13,34,-70,-162;
-227,144,16343,-1,2,137,34,-70,-162;
-270,68,16366,-21,7,289,34,-70,-162;
-183,72,16408,-21,5,437,34,-71,-162;
-99,267,16613,-11,4,602,34,-71,-162;
-43,269,16590,-12,8,769,34,-71,-162;
-126,225,16652,-35,14,937,34,-71,-162;
-93,172,16596,-33,14,1104,34,-71,-162;
30,116,16523,-26,5,1297,33,-71,-162;
80,408,16819,-14,2,1470,33,-71,-163;
15,446,16769,-17,8,1629,33,-71,-163;
-1,377,16718,-43,13,1798,32,-72,-163;
55,340,16702,-54,17,1965,32,-72,-163;
43,232,16515,-66,24,2127,31,-72,-163;
-60,60,16570,-105,39,2281,31,-72,-162;
-46,24,16429,-74,26,2441,30,-72,-162;
62,196,16464,-130,42,2596,29,-73,-162;
-2,113,16479,-120,40,2771,29,-73,-162;
-61,342,16592,-146,59,2894,29,-73,-162;
-146,16,16325,-186,82,3041,28,-73,-162;
-180,-6,16426,-262,101,3200,28,-74,-162;
-237,217,16855,-301,125,3347,27,-74,-162;
-306,366,17068,-370,152,3495,27,-74,-162;
-326,355,17190,-439,170,3649,26,-74,-162;
-207,229,16868,-476,181,3825,26,-74,-162;
-200,469,17374,-570,221,4008,25,-74,-162;
-180,293,17400,-563,217,4221,25,-74,-162;
-40,202,17272,-622,237,4419,24,-74,-162;
-146,-138,17135,-619,237,4669,23,-74,-161;
-44,-356,16682,-629,204,4935,22,-74,-161;
114,-326,16754,-541,175,5201,21,-73,-161;
60,-572,16480,-445,128,5474,20,-73,-161;
215,-1061,15424,-312,77,5749,19,-74,-161;
164,-563,16156,-175,28,6024,18,-74,-161;
-72,-354,16898,-36,-27,6292,17,-74,-161;
-163,-560,17012,154,-102,6563,15,-74,-161;
-166,-288,16414,181,-82,6770,14,-74,-160;
-253,263,16671,233,-78,6995,12,-74,-160;
-259,229,16235,236,-90,7219,10,-74,-160;
-570,422,16719,207,-68,7425,9,-74,-160;
-923,525,17478,137,-33,7618,8,-74,-160;
-760,492,17151,103,-11,7837,6,-75,-160;
-812,698,17400,-32,26,8063,4,-75,-159;
-888,394,16316,-129,76,8275,2,-74,-159;
-666,205,15576,-256,124,8488,1,-74,-159;
-662,410,15306,-323,168,8707,0,-74,-159;
-686,286,16026,-201,101,8968,-2,-74,-159;
-884,-120,16137,-200,78,9214,-4,-74,-159;
-793,267,16035,-149,99,9452,-6,-73,-159;
-609,148,15953,-37,72,9711,-8,-73,-159;
-274,31,15951,1,30,9959,-10,-72,-159;
-316,129,16306,-97,50,10184,-12,-71,-159;
-330,474,17037,16,28,10414,-14,-70,-158;
-52,662,17522,-46,28,10619,-16,-69,-158;
-201,750,17757,-20,18,10798,-19,-68,-158;
122,766,17024,-91,60,10920,-21,-67,-158;
332,909,16561,-231,107,11033,-23,-66,-158;
442,1092,15931,-318,137,11104,-25,-65,-158;
288,764,16502,-463,155,11128,-28,-64,-158;
236,1368,17445,-622,199,11092,-30,-63,-158;
69,1441,16775,-770,233,11060,-32,-63,-158;
201,1645,17101,-741,240,10983,-34,-62,-158;
312,1700,17232,-825,266,10836,-36,-61,-158;
329,1842,17071,-757,258,10657,-38,-59,-158;
361,1924,17136,-796,260,10456,-40,-57,-158;
110,2035,17922,-890,238,10253,-41,-56,-158;
-139,2054,17781,-839,209,10005,-43,-54,-158;
-142,1922,18062,-815,186,9727,-45,-52,-158;
-185,2250,18064,-688,124,9445,-46,-50,-158;
-177,2102,17243,-605,93,9163,-48,-48,-158;
-26,2318,16685,-468,101,8882,-49,-46,-158;
-42,2545,16540,-414,67,8636,-50,-45,-158;
-56,2470,16389,-402,51,8434,-51,-43,-158;
-73,2267,16281,-399,38,8279,-52,-41,-158;
-143,2021,15918,-406,38,8153,-53,-40,-158;
-169,1616,15704,-373,22,8055,-55,-38,-158;
55,1203,15968,-384,36,7974,-56,-37,-158;
35,1176,16112,-389,51,7934,-57,-35,-158;
30,839,16165,-468,85,7917,-58,-34,-158;
168,652,16449,-494,97,7887,-59,-32,-158;
0,379,16914,-500,69,7870,-60,-30,-159;
-411,-109,16765,-503,56,7857,-61,-29,-159;
-630,33,16890,-496,50,7842,-62,-28,-159;
-879,159,17129,-493,43,7826,-62,-26,-159;
-631,149,17231,-419,30,7821,-63,-25,-159;
-642,256,17160,-365,20,7829,-64,-23,-159;
-835,302,17484,-379,21,7837,-64,-22,-159;
-682,435,17379,-337,-5,7834,-64,-20,-159;
-446,507,17379,-366,3,7827,-65,-18,-159;
-258,511,16945,-343,0,7822,-65,-17,-159;
-152,406,16893,-389,13,7780,-66,-16,-159;
66,573,16848,-375,25,7688,-66,-14,-159;
137,412,16620,-351,23,7564,-67,-12,-159;
224,231,16463,-326,11,7403,-67,-10,-159;
141,583,16349,-321,3,7198,-67,-9,-159;
99,625,16444,-341,12,6959,-68,-7,-159;
28,634,16282,-342,12,6713,-68,-5,-159;
-18,516,16263,-350,22,6465,-68,-4,-159;
-75,576,16100,-296,12,6187,-68,-3,-159;
-294,512,16073,-309,16,5892,-68,-2,-158;
-307,682,15893,-238,1,5593,-68,-1,-158;
-355,556,15772,-253,4,5330,-69,0,-158;
-382,485,15702,-259,2,5071,-69,1,-158;
-356,412,15849,-251,15,4820,-69,2,-158;
-455,248,16028,-269,24,4593,-69,3,-159;
-369,233,15945,-228,17,4377,-68,4,-159;
-360,252,15816,-225,20,4172,-68,5,-159;
-375,249,15859,-167,-1,3963,-68,6,-159;
-383,266,16057,-123,-18,3768,-68,7,-159;
-387,256,16159,-64,-32,3605,-68,9,-159;
-379,239,16262,-46,-37,3462,-68,9,-159;
-311,225,16240,8,-51,3319,-68,10,-159;
-362,217,16295,81,-72,3178,-68,11,-158;
-357,197,16204,115,-84,3043,-67,12,-159;
-323,169,16165,157,-96,2901,-67,12,-159;
-405,106,16196,174,-101,2739,-67,13,-159;
-418,134,16249,231,-111,2576,-67,14,-159;
-450,164,16220,237,-112,2410,-67,15,-159;
-518,127,16188,242,-109,2235,-67,15,-159;
-588,126,16160,233,-105,2055,-67,16,-159;
-681,92,16198,220,-99,1862,-67,16,-159;
-723,48,16193,197,-89,1653,-67,16,-160;
-714,21,16210,138,-62,1444,-67,17,-160;
-756,47,16282,93,-45,1248,-67,17,-160;
-694,54,16267,55,-29,1051,-67,17,-160;
-661,93,16276,29,-18,873,-67,17,-160;
-642,152,16293,-5,-8,710,-67,17,-160;
-635,193,16416,-65,17,566,-67,17,-160;
-595,268,16424,-98,30,439,-67,17,-160;
-574,288,16421,-121,39,324,-67,17,-160;
-498,302,16419,-138,47,219,-67,17,-160;
-464,341,16413,-150,52,127,-67,17,-160;
-428,284,16431,-151,54,44,-67,18,-160;
-421,333,16423,-150,56,-39,-67,18,-160;
-456,288,16454,-144,54,-125,-67,18,-160;
-453,264,16429,-147,56,-217,-67,17,-160;
-428,226,16412,-161,62,-315,-67,17,-160;
-401,122,16380,-166,66,-419,-67,17,-160;
-435,68,16379,-162,65,-527,-67,18,-160;
-464,-30,16381,-168,70,-669,-67,18,-160;
-471,-71,16415,-204,84,-843,-67,18,-160;
-495,-124,16375,-179,79,-1041,-67,18,-160;
-528,-90,16338,-158,76,-1249,-67,18,-160;
-474,-90,16365,-145,73,-1460,-67,18,-160;
-500,-40,16388,-146,73,-1674,-68,18,-159;
-542,-55,16402,-119,69,-1898,-68,18,-159;
-606,-98,16504,-102,65,-2124,-68,17,-159;
-634,-20,16444,-55,57,-2367,-68,17,-159;
-522,-34,16490,-45,53,-2611,-68,16,-159;
-527,214,16396,-15,45,-2845,-68,16,-159;
-541,207,16364,31,30,-3046,-68,15,-159;
-565,337,16454,35,36,-3247,-68,15,-159;
-696,526,16514,15,41,-3453,-68,14,-159;
-624,532,16500,7,42,-3699,-68,13,-159;
-350,336,16407,41,43,-3949,-68,13,-159;
-507,574,16342,45,48,-4190,-68,12,-159;
-111,595,16366,41,46,-4464,-68,11,-159;
-203,658,16392,28,50,-4725,-68,10,-159;
-100,818,16184,28,48,-5010,-68,9,-159;
-61,603,16341,63,54,-5298,-68,8,-159;
-8,535,16395,111,51,-5589,-68,7,-159;
81,397,16359,165,49,-5861,-68,6,-159;
367,-77,16622,219,49,-6125,-68,5,-159;
284,-239,16439,216,60,-6365,-68,4,-159;
47,74,16305,247,57,-6627,-68,3,-159;
289,-100,16488,309,63,-6927,-68,1,-159;
-66,-104,16352,371,64,-7185,-68,0,-159;
76,-210,16434,355,67,-7459,-68,-2,-159;
-170,-142,16347,429,50,-7727,-68,-3,-159;
14,-87,16252,427,38,-8008,-68,-4,-159;
0,148,15910,490,31,-8301,-68,-6,-159;
61,371,15803,462,27,-8600,-68,-8,-159;
28,896,15396,450,23,-8899,-67,-10,-159;
-49,1185,15787,573,7,-9179,-67,-12,-159;
19,1031,16085,536,28,-9406,-66,-14,-159;
-92,1079,16440,515,15,-9565,-66,-15,-159;
-3,1277,16246,663,-22,-9718,-65,-17,-159;
242,1075,16031,724,-44,-9830,-64,-19,-159;
536,1250,15390,780,-79,-9909,-63,-22,-159;
681,1782,14511,941,-144,-9958,-63,-24,-159;
806,1780,14087,1040,-205,-9980,-62,-27,-160;
779,1630,15112,1096,-259,-9959,-61,-29,-159;
980,1632,15186,1120,-297,-9904,-60,-31,-159;
1134,1556,14796,1087,-308,-9812,-59,-33,-159;
1083,1640,14688,1043,-343,-9714,-58,-35,-159;
734,1444,15470,1055,-378,-9561,-57,-37,-159;
718,1600,15462,966,-386,-9408,-56,-39,-159;
298,1946,16320,967,-409,-9203,-55,-40,-159;
209,1517,17124,950,-377,-8997,-54,-41,-159;
-140,1552,18713,887,-362,-8778,-53,-43,-159;
-684,1193,20247,687,-297,-8560,-51,-45,-159;
-544,1083,19017,558,-212,-8400,-50,-46,-159;
-927,538,19324,468,-183,-8269,-49,-47,-159;
-1128,499,20222,510,-211,-8181,-48,-49,-159;
-1189,573,20570,652,-241,-8126,-47,-50,-159;
-854,1238,19238,696,-237,-8166,-45,-51,-159;
-575,989,19033,724,-233,-8209,-44,-53,-159;
-513,1314,19086,766,-229,-8312,-43,-54,-159;
-505,1844,18947,709,-227,-8455,-41,-56,-160;
-448,1324,18320,678,-212,-8600,-39,-57,-160;
-322,1542,18226,763,-224,-8737,-38,-59,-160;
-718,1288,19338,759,-257,-8821,-36,-61,-160;
-510,1811,18458,919,-274,-8840,-34,-62,-160;
-473,1939,17849,793,-247,-8823,-32,-63,-160;
-399,1918,16933,717,-225,-8742,-31,-64,-160;
-357,1593,16294,554,-171,-8638,-29,-65,-160;
-755,1720,16656,448,-150,-8493,-27,-66,-160;
-745,1327,16473,405,-122,-8343,-25,-66,-160;
-807,1134,16239,335,-116,-8182,-23,-67,-160;
-572,1355,15727,203,-64,-8004,-22,-68,-160;
-437,974,15470,164,-74,-7802,-20,-68,-160;
-66,1509,13853,188,-72,-7615,-19,-69,-160;
-271,1341,14322,90,-57,-7459,-18,-69,-160;
-226,823,14248,127,-62,-7308,-16,-70,-160;
-358,497,15095,69,-44,-7207,-15,-70,-160;
-206,335,15219,122,-72,-7079,-13,-71,-160;
-236,88,15312,120,-56,-6986,-12,-71,-160;
32,155,15056,146,-64,-6879,-11,-72,-160;
-119,-43,15444,255,-95,-6719,-9,-72,-160;
-242,-284,15498,305,-128,-6563,-8,-72,-160;
-106,242,15714,301,-106,-6427,-6,-73,-160;
-217,98,16433,338,-135,-6264,-5,-73,-160;
-106,22,16255,372,-144,-6115,-3,-73,-160;
77,402,15908,341,-134,-5987,-2,-74,-160;
46,650,15867,364,-140,-5835,0,-74,-160;
38,551,16176,384,-147,-5689,0,-74,-160;
42,629,16072,296,-143,-5542,1,-75,-160;
-45,324,15764,275,-152,-5372,2,-75,-160;
-110,462,15963,180,-116,-5227,3,-75,-160;
-168,580,16265,205,-117,-5071,5,-75,-160;
-147,502,15316,150,-120,-4945,6,-75,-160;
-190,545,15326,148,-108,-4848,7,-75,-160;
-115,666,15638,133,-110,-4755,8,-75,-160;
-137,671,15712,171,-116,-4641,9,-75,-160;
-14,599,15955,197,-111,-4513,10,-75,-160;
-53,535,16350,209,-102,-4383,11,-75,-160;
-115,418,16587,241,-107,-4222,12,-75,-160;
-141,528,16915,250,-100,-4063,13,-75,-160;
149,392,16585,300,-116,-3898,14,-74,-160;
-86,1,17034,223,-93,-3725,14,-74,-160;
-113,-268,17395,261,-96,-3481,15,-74,-161;
-6,-310,17439,269,-89,-3233,16,-74,-161;
-54,-214,17299,184,-59,-2943,16,-74,-161;
-151,-213,17524,143,-44,-2645,17,-74,-161;
-169,-204,17052,126,-43,-2363,18,-74,-161;
-255,-205,16981,100,-42,-2074,18,-74,-161;
-93,-144,16816,134,-46,-1796,19,-74,-161;
-186,-103,16505,65,-33,-1535,19,-74,-161;
-358,-232,16712,21,-13,-1270,20,-75,-162;
-190,-32,16356,52,-17,-1018,20,-74,-161;
-149,239,16239,22,-11,-806,20,-74,-161;
-287,190,16287,-8,-3,-586,21,-74,-161;
-318,55,16428,29,-13,-414,21,-74,-162;
-326,6,16448,25,-13,-255,21,-74,-162;
-320,6,16431,4,-7,-103,21,-74,-162;
-302,110,16392,-8,-3,31,21,-74,-162;
-340,202,16397,-13,-1,132,21,-74,-161;
-333,232,16392,-13,1,222,21,-74,-161;
-279,322,16380,-15,3,310,21,-74,-161;
-253,362,16392,-18,6,393,21,-74,-162;
-310,352,16383,-23,9,455,21,-74,-162;
-268,404,16378,-25,11,508,21,-74,-162;
-274,395,16382,-26,11,557,21,-74,-161;
-294,403,16377,-25,10,602,21,-75,-161;
-282,422,16380,-19,7,642,21,-75,-161;
-262,443,16368,-17,6,673,21,-75,-161;
-223,387,16381,-7,2,714,21,-75,-161;
-239,414,16387,-12,6,734,20,-75,-161;
-278,385,16376,-15,8,753,20,-75,-161;
-322,382,16380,-17,10,769,20,-75,-161;
-282,363,16357,-19,13,794,20,-75,-161;
-326,367,16347,-26,14,810,20,-75,-161;
-296,377,16370,-27,13,832,20,-75,-162;
-276,339,16354,-26,12,864,20,-75,-162;
-333,342,16299,-39,15,893,19,-75,-162;
-390,319,16266,-49,20,910,19,-75,-162;
-448,300,16256,-79,31,930,19,-74,-162;
-420,181,16257,-77,28,984,19,-75,-162;
-441,164,16267,-78,25,1035,18,-75,-162;
-412,154,16239,-63,17,1099,18,-75,-162;
-425,162,16434,-68,20,1170,18,-74,-162;
-435,64,16419,-66,23,1256,18,-75,-161;
-516,105,16522,-73,25,1348,17,-75,-161;
-699,141,16560,-116,36,1451,17,-75,-161;
-701,10,16416,-116,39,1551,17,-75,-161;
-630,59,16487,-119,52,1682,16,-75,-161;
-560,0,16491,-102,47,1832,16,-75,-161;
-643,90,16398,-152,54,1978,16,-74,-161;
-632,87,16530,-137,52,2160,15,-74,-161;
-577,-77,16368,-162,65,2339,15,-75,-161;
-556,-141,16219,-186,58,2535,14,-75,-160;
-629,-218,16356,-203,63,2729,14,-74,-160;
-449,88,16623,-167,54,2933,13,-74,-160;
-277,-39,16589,-152,47,3120,13,-74,-160;
-200,-169,16474,-111,38,3341,12,-74,-160;
-132,82,16670,-21,1,3565,11,-74,-160;
-122,236,16911,-101,26,3756,11,-74,-160;
241,-166,16848,-119,50,3971,10,-74,-160;
279,-379,16601,-88,42,4183,9,-74,-160;
125,-200,16915,-44,22,4428,8,-74,-160;
14,-176,16822,12,15,4680,7,-74,-160;
217,156,16598,72,13,4942,7,-74,-160;
-76,-50,16330,-36,54,5196,5,-74,-160;
-21,-147,16374,-8,53,5487,4,-74,-160;
-210,-74,16743,-85,49,5789,3,-74,-160;
-315,-705,15864,-294,101,6081,2,-73,-161;
-271,-1179,15366,-317,102,6428,1,-73,-161;
-512,-1064,15107,-296,78,6755,0,-73,-161;
-726,-714,15703,-429,110,7060,-1,-73,-161;
-629,-883,15454,-476,121,7341,-3,-73,-161;
-558,-1438,14910,-540,121,7623,-5,-73,-161;
-712,-1618,15289,-649,122,7888,-6,-72,-161;
-556,-1669,15465,-551,85,8154,-8,-72,-161;
-914,-1666,15466,-696,112,8383,-10,-72,-161;
-1105,-1226,17048,-706,134,8584,-11,-71,-161;
-820,-282,18461,-629,112,8792,-13,-71,-160;
-890,581,19321,-543,92,8974,-15,-70,-160;
-898,577,19373,-484,66,9204,-16,-70,-160;
-514,-16,17377,-360,29,9412,-18,-69,-160;
-302,778,17926,-332,27,9602,-20,-69,-159;
-177,1537,18289,-304,42,9774,-22,-68,-159;
-247,1408,17749,-339,79,9947,-24,-67,-159;
-366,960,16967,-470,98,10106,-26,-66,-159;
-230,1157,18186,-367,86,10233,-28,-64,-159;
-6,940,17396,-355,103,10351,-30,-63,-159;
-510,318,17126,-392,108,10432,-32,-62,-159;
-415,118,17139,-372,123,10450,-34,-61,-159;
-300,744,17730,-392,163,10368,-35,-60,-159;
-420,1323,18834,-411,174,10268,-37,-58,-159;
-504,1142,18495,-334,159,10137,-39,-57,-159;
-369,1516,19493,-293,152,9981,-41,-55,-159;
-90,2143,20419,-205,107,9802,-43,-54,-159;
236,2530,20771,-91,94,9632,-44,-53,-158;
614,2922,19928,-7,54,9467,-46,-52,-158;
849,2685,19029,-11,47,9311,-48,-51,-158;
1146,2683,18013,73,35,9196,-49,-49,-158;
1162,2334,17628,35,4,9123,-50,-48,-158;
958,2015,18079,23,-19,9063,-52,-46,-158;
987,2067,18122,-13,-5,9015,-53,-45,-158;
898,1277,17937,-164,36,8985,-54,-43,-157;
540,983,17515,-257,34,8948,-55,-42,-157;
554,152,16118,-245,61,8943,-56,-40,-157;
255,588,16624,-304,82,8899,-57,-38,-157;
84,530,16924,-377,109,8863,-58,-36,-157;
87,1004,17058,-328,78,8813,-59,-34,-157;
198,962,17700,-355,88,8718,-60,-32,-158;
71,1582,17410,-339,107,8593,-61,-31,-157;
139,934,16355,-367,142,8488,-62,-29,-157;
-94,786,16607,-435,161,8380,-63,-28,-157;
22,1216,16599,-434,155,8252,-64,-26,-158;
333,1182,16106,-389,168,8086,-65,-24,-158;
156,1592,16928,-448,165,7906,-66,-22,-158;
274,1224,16467,-426,146,7731,-67,-20,-158;
247,884,15632,-445,163,7566,-67,-19,-158;
223,678,15489,-378,147,7345,-68,-17,-158;
110,1062,15462,-242,93,7099,-68,-16,-158;
155,485,15756,-247,82,6875,-68,-14,-158;
103,1074,16004,-227,65,6634,-68,-13,-158;
368,1092,16007,-181,47,6416,-69,-11,-159;
216,1156,16363,-115,21,6196,-69,-10,-158;
26,966,16477,-103,20,6021,-69,-9,-158;
-85,777,16624,-38,-11,5819,-69,-8,-158;
-135,614,16583,-29,-4,5614,-69,-7,-158;
-123,644,16644,-50,-1,5387,-70,-5,-158;
-194,682,16664,-138,27,5180,-70,-4,-158;
-323,248,16580,-194,52,5009,-70,-3,-158;
-442,198,16450,-177,53,4834,-70,-1,-158;
-478,194,16514,-176,55,4648,-70,0,-158;
-625,146,16623,-140,48,4419,-70,0,-158;
-628,126,16483,-157,54,4175,-69,1,-159;
-677,44,16578,-150,43,3913,-69,2,-159;
-652,50,16411,-215,77,3680,-69,3,-159;
-665,96,16504,-279,101,3438,-69,4,-159;
-738,62,16503,-240,87,3188,-69,5,-159;
-741,0,16512,-224,81,2958,-69,6,-159;
-736,142,16516,-272,97,2739,-69,6,-159;
-688,235,16411,-275,99,2515,-70,7,-159;
-608,337,16484,-256,85,2308,-69,8,-159;
-602,345,16494,-239,78,2112,-69,8,-159;
-634,241,16381,-230,80,1957,-69,9,-159;
-580,294,16354,-237,79,1816,-69,9,-159;
-479,372,16307,-191,59,1666,-69,10,-159;
-430,384,16341,-125,31,1535,-69,10,-159;
-391,403,16411,-128,33,1418,-69,10,-159;
-388,356,16450,-165,47,1310,-69,11,-159;
-337,310,16456,-206,62,1188,-69,11,-159;
-310,272,16454,-235,74,1068,-69,12,-160;
-349,208,16448,-265,85,945,-69,12,-160;
-366,195,16444,-319,107,836,-69,13,-160;
-370,124,16450,-345,117,718,-69,14,-160;
-406,81,16439,-388,132,598,-68,14,-160;
-418,67,16440,-427,146,491,-68,15,-159;
-431,80,16435,-453,156,400,-68,15,-159;
-426,118,16377,-416,144,317,-68,15,-159;
-440,139,16364,-379,130,242,-68,16,-160;
-443,156,16350,-336,115,177,-68,16,-160;
-440,185,16339,-293,98,124,-68,16,-160;
-418,202,16340,-252,83,86,-67,16,-159;
-397,232,16340,-206,66,54,-67,16,-159;
-367,267,16332,-176,56,36,-68,16,-159;
-352,284,16327,-123,39,26,-68,16,-159;
-346,299,16318,-64,19,15,-68,15,-159;
-342,282,16318,-11,1,6,-68,15,-160;
-344,241,16381,-10,1,2,-68,15,-160;
-355,230,16381,-6,1,-2,-68,15,-160;
-356,227,16386,-3,1,-3,-68,14,-159;
-358,224,16399,-1,0,-4,-68,15,-159;
-361,229,16412,0,-1,-4,-68,15,-159;
-344,238,16400,1,-1,-6,-68,15,-159;
-356,263,16403,2,-2,-13,-68,15,-160;
-357,280,16408,4,-2,-23,-68,15,-160;
-359,278,16422,6,-3,-42,-68,15,-159;
-360,284,16420,6,-3,-69,-68,15,-159;
-406,285,16397,6,-3,-107,-68,15,-159;
-444,279,16409,5,-3,-166,-68,15,-159;
-484,268,16385,12,-2,-252,-68,16,-159;
-500,265,16350,23,-4,-360,-67,16,-159;
-522,204,16398,15,-1,-497,-68,16,-159;
-555,162,16416,9,1,-679,-68,16,-159;
-576,100,16386,9,6,-895,-68,15,-159;
-603,53,16368,20,9,-1134,-68,15,-159;
-632,61,16337,20,14,-1381,-68,14,-159;
-468,100,16322,48,13,-1625,-68,14,-159;
-475,49,16397,60,12,-1882,-67,14,-160;
-520,94,16230,76,5,-2153,-68,13,-160;
-534,298,16147,97,8,-2415,-68,13,-159;
-575,197,16172,101,12,-2672,-68,12,-159;
-589,288,16032,126,11,-2912,-68,11,-159;
-618,311,15982,142,7,-3127,-68,10,-159;
-603,201,16124,155,5,-3310,-68,9,-159;
-702,128,16215,141,5,-3487,-68,9,-159;
-837,33,16523,151,0,-3680,-68,8,-159;
-1108,76,16454,148,2,-3912,-68,7,-159;
-1072,194,16296,177,8,-4197,-68,7,-159;
-1003,48,16616,193,17,-4514,-69,6,-159;
-1162,-452,17162,143,28,-4825,-69,5,-159;
-1230,-293,16999,167,32,-5191,-69,4,-159;
-1115,-408,16860,153,34,-5579,-69,4,-160;
-1324,-69,16804,235,19,-5981,-69,3,-160;
-1468,-226,17233,264,29,-6406,-69,2,-160;
-1264,128,17070,197,56,-6889,-68,0,-159;
-1173,170,16932,261,47,-7434,-68,-1,-159;
-843,744,16334,376,13,-8011,-68,-2,-159;
-481,599,15506,400,1,-8469,-68,-4,-159;
-52,909,14818,444,2,-8860,-68,-7,-159;
599,1517,13841,595,-35,-9265,-67,-8,-159;
874,976,14540,621,-44,-9518,-67,-10,-159;
1000,1248,14454,697,-79,-9716,-67,-13,-159;
1216,891,14778,658,-64,-9832,-67,-15,-159;
1609,1244,14528,709,-105,-9892,-66,-17,-159;
2096,1652,14654,909,-178,-9900,-66,-19,-159;
2242,1268,14712,931,-199,-9728,-65,-21,-158;
1861,516,16006,890,-195,-9430,-65,-23,-158;
1628,1043,17064,921,-243,-9184,-64,-25,-158;
1230,486,17982,924,-248,-8889,-64,-26,-158;
1058,601,17856,879,-244,-8599,-63,-28,-158;
682,1416,17922,901,-271,-8384,-62,-30,-158;
320,1154,18807,912,-259,-8183,-61,-32,-158;
170,1206,19605,868,-277,-8030,-60,-33,-158;
20,1074,18792,808,-263,-7909,-59,-35,-158;
-594,594,19113,713,-240,-7756,-58,-36,-158;
-431,1349,17885,635,-208,-7732,-57,-38,-158;
-434,1720,17295,563,-203,-7773,-56,-40,-158;
-408,1181,16848,535,-176,-7796,-56,-41,-159;
-417,2144,16896,520,-199,-7871,-54,-43,-159;
-606,1781,17204,462,-193,-7922,-53,-44,-159;
-384,1634,16534,398,-187,-7980,-52,-46,-159;
-296,1614,16330,322,-175,-8021,-51,-47,-159;
110,1870,14504,358,-166,-8069,-50,-48,-159;
-61,2264,15423,409,-191,-8083,-48,-50,-159;
-21,1974,15291,352,-167,-8071,-47,-51,-159;
-214,1709,16316,391,-192,-7979,-46,-52,-159;
-97,1702,16304,387,-192,-7869,-45,-53,-159;
-207,1838,16722,342,-175,-7772,-44,-54,-159;
-38,1259,16079,302,-151,-7691,-42,-56,-159;
-12,1482,15927,317,-168,-7631,-41,-57,-159;
-57,1478,16325,304,-143,-7567,-40,-58,-159;
-120,1812,15913,286,-149,-7556,-39,-59,-159;
-285,1609,16985,373,-183,-7567,-37,-60,-159;
-10,1889,15819,322,-168,-7644,-36,-61,-159;
58,2302,15650,466,-222,-7755,-35,-62,-159;
62,2371,15768,455,-218,-7936,-33,-63,-159;
191,1727,15858,426,-191,-8127,-31,-64,-159;
135,1411,15961,451,-181,-8262,-30,-65,-159;
105,1239,16649,415,-196,-8387,-29,-65,-159;
74,1126,16269,363,-180,-8461,-27,-66,-159;
57,906,16016,424,-200,-8485,-25,-67,-159;
467,978,16260,498,-187,-8471,-23,-68,-160;
526,1192,15052,402,-154,-8388,-22,-68,-160;
272,282,15994,314,-120,-8275,-20,-69,-160;
288,182,15036,193,-83,-8141,-18,-70,-160;
254,-370,14946,222,-80,-7915,-16,-70,-160;
252,-30,15143,197,-66,-7679,-15,-71,-160;
397,21,14322,122,-60,-7478,-13,-72,-160;
186,88,14088,49,-31,-7256,-11,-73,-160;
170,-216,15394,154,-40,-7051,-10,-73,-160;
335,27,14853,74,-27,-6915,-8,-73,-160;
-46,-104,14937,6,-35,-6805,-7,-74,-161;
-186,-370,16187,-6,-36,-6745,-5,-75,-161;
-36,22,15736,68,-49,-6657,-4,-75,-161;
-47,-101,16186,126,-72,-6534,-3,-76,-161;
-20,817,15856,111,-70,-6529,-1,-76,-161;
-32,702,15590,199,-120,-6446,0,-76,-161;
-146,1022,16291,265,-132,-6360,1,-76,-161;
-119,1759,15765,316,-147,-6262,3,-76,-161;
-153,1706,15243,296,-150,-6129,4,-76,-161;
-286,1878,15521,283,-155,-5987,6,-77,-161;
-214,1681,15498,307,-141,-5742,7,-77,-161;
-197,1710,15036,316,-138,-5480,8,-77,-161;
-405,1667,15598,256,-110,-5200,10,-77,-161;
-425,1387,16095,259,-95,-4942,11,-77,-161;
-358,996,16249,173,-80,-4599,12,-77,-161;
-420,871,16140,145,-54,-4284,13,-77,-161;
-399,870,15939,117,-55,-4001,14,-77,-161;
-336,71,16132,223,-75,-3707,15,-77,-161;
-435,438,16302,151,-51,-3408,15,-77,-161;
-370,40,16452,166,-48,-3088,16,-77,-161;
-386,-112,16266,144,-51,-2823,17,-77,-161;
-372,-289,16416,109,-44,-2523,17,-77,-161;
-204,-359,16117,157,-73,-2242,18,-76,-161;
-224,-140,16066,99,-54,-1965,19,-76,-161;
-306,-221,16192,131,-58,-1710,19,-76,-161;
-259,-21,16278,102,-54,-1481,20,-76,-161;
-201,-270,16447,88,-47,-1205,20,-75,-161;
-244,-84,16533,19,-25,-961,20,-75,-161;
-128,-146,16452,13,-21,-774,21,-75,-162;
100,-424,16524,14,-16,-621,21,-75,-162;
151,-256,16437,10,-17,-467,21,-75,-161;
164,-98,16450,8,-16,-359,21,-75,-161;
122,-10,16480,-1,-11,-277,21,-74,-161;
110,26,16487,-8,-8,-222,21,-74,-161;
56,-104,16500,-15,-4,-162,21,-74,-161;
11,-13,16489,-16,-2,-126,21,-74,-161;
-52,220,16434,-10,-1,-127,21,-74,-161;
61,239,16435,-11,-1,-136,21,-74,-161;
90,153,16455,-7,-1,-138,21,-74,-161;
-103,479,16424,-1,1,-116,21,-74,-161;
-71,476,16434,5,1,-123,21,-74,-161;
-42,434,16420,10,1,-121,21,-74,-161;
-4,379,16398,17,-1,-110,21,-74,-161;
-48,320,16392,23,-2,-84,21,-75,-161;
-26,456,16412,31,-2,-59,21,-75,-161;
-9,474,16413,37,-3,-43,21,-75,-161;
-63,448,16413,40,-5,-26,21,-75,-161;
-228,448,16405,43,-7,-8,21,-75,-162;
-378,468,16385,42,-9,10,21,-75,-162;
-463,465,16386,43,-11,27,21,-75,-162;
-522,486,16380,40,-11,45,21,-75,-162;
-589,498,16394,36,-12,63,21,-76,-161;
-630,524,16398,31,-10,82,21,-76,-161;
-615,539,16394,28,-9,95,21,-76,-161;
-609,532,16364,20,-9,106,21,-76,-161;
-673,480,16385,14,-8,126,21,-76,-161;
-672,430,16374,7,-5,156,21,-76,-161;
-610,362,16383,-1,-1,195,21,-76,-161;
-530,326,16404,-6,1,246,21,-76,-161;
-523,284,16408,-16,2,305,21,-76,-160;
-476,265,16398,-22,5,377,21,-76,-160;
-434,218,16376,-25,5,459,21,-76,-161;
-456,173,16364,-43,8,555,21,-75,-161;
-446,97,16343,-63,13,648,21,-75,-161;
-413,49,16371,-66,13,757,21,-75,-161;
-352,-22,16333,-77,19,886,21,-75,-161;
-271,-189,16314,-88,20,1029,20,-75,-161;
13,-377,16235,-87,18,1198,20,-75,-161;
14,-168,16280,-73,14,1384,20,-75,-161;
18,-289,16239,-62,17,1585,20,-76,-161;
52,-418,16239,-38,12,1811,20,-76,-161;
-25,-587,16189,-70,18,2086,20,-76,-161;
-21,-633,16015,-115,27,2376,19,-76,-161;
-51,-756,16072,-147,41,2686,19,-76,-161;
60,-607,16168,-164,57,2980,18,-76,-161;
136,-605,16026,-189,64,3246,18,-76,-161;
189,-707,15823,-219,77,3501,17,-76,-161;
-30,-768,15687,-305,93,3778,17,-76,-161;
27,-1175,15560,-397,122,4030,16,-76,-161;
206,-1198,15448,-449,128,4308,15,-76,-161;
30,-987,15952,-486,144,4517,14,-76,-161;
252,-583,16187,-455,143,4693,13,-75,-161;
305,-524,16497,-405,134,4837,11,-75,-161;
272,-442,16288,-365,120,4993,10,-76,-161;
270,-652,15735,-357,100,5142,9,-76,-161;
292,-412,16124,-295,83,5307,8,-76,-161;
214,-300,16189,-242,63,5446,7,-76,-161;
210,-180,16313,-127,48,5570,6,-75,-161;
230,-110,16035,-53,20,5717,5,-74,-161;
-24,72,16348,-6,8,5839,4,-74,-161;
165,-54,16085,26,-18,6019,2,-74,-161;
38,-384,15610,55,-30,6176,1,-74,-161;
-4,-376,15488,33,-7,6341,0,-73,-160;
37,-35,16662,-39,48,6495,0,-73,-160;
25,370,17464,-20,62,6696,-2,-73,-160;
24,-203,16278,-87,66,6900,-3,-72,-160;
54,873,16575,-19,61,7102,-5,-72,-160;
-127,934,17306,-121,82,7152,-6,-72,-160;
-164,1230,17587,-149,103,7174,-7,-72,-160;
-101,988,16625,-245,121,7177,-9,-72,-160;
-172,788,15556,-304,159,7141,-11,-72,-160;
-239,1049,16560,-334,173,7095,-12,-72,-160;
-314,999,16150,-352,167,7004,-14,-71,-160;
-201,579,14876,-292,126,6899,-15,-71,-160;
-398,146,15192,-372,136,6759,-17,-71,-160;
-319,692,16646,-316,161,6590,-18,-71,-160;
-567,6,17388,-453,178,6447,-19,-70,-160;
-346,216,16851,-384,170,6428,-21,-70,-160;
-358,-6,16634,-420,182,6416,-22,-69,-159;
-318,459,17361,-410,198,6401,-24,-69,-159;
-302,812,18672,-298,153,6405,-25,-68,-159;
-133,743,17614,-352,161,6419,-26,-68,-159;
-166,880,17981,-345,159,6489,-27,-67,-159;
-104,1263,18117,-325,150,6555,-28,-66,-159;
42,1600,17760,-251,134,6623,-30,-65,-159;
-164,1760,17691,-260,123,6746,-31,-65,-159;
306,1595,16684,-239,130,6890,-32,-64,-159;
65,1514,16717,-355,139,7075,-34,-63,-159;
-192,1676,17635,-213,116,7288,-35,-62,-159;
-214,1585,17554,-147,100,7533,-36,-61,-159;
-236,1680,17081,-219,123,7759,-37,-60,-159;
-327,1998,17943,-125,111,7985,-39,-58,-159;
-99,2026,18042,-93,95,8163,-40,-57,-159;
-368,1973,18414,-133,112,8313,-42,-56,-159;
-348,1687,17832,-106,110,8435,-43,-54,-158;
-410,1562,17463,-189,122,8468,-45,-53,-158;
-758,1689,17895,-193,128,8457,-46,-53,-158;
-539,1502,17524,-46,120,8380,-47,-51,-158;
-285,1632,17155,-96,116,8232,-49,-50,-158;
-301,1922,17711,-128,120,7956,-50,-49,-158;
-144,1687,17587,-125,118,7613,-51,-47,-158;
-200,1433,17220,-188,120,7194,-52,-46,-158;
-210,1248,17068,-176,118,6752,-53,-45,-158;
-122,1164,16808,-155,101,6283,-54,-44,-158;
-149,1315,16948,-221,111,5763,-55,-43,-158;
-59,1123,16904,-153,89,5259,-55,-42,-158;
2,977,16596,-115,72,4725,-56,-41,-158;
-79,1093,16925,-134,57,4184,-57,-40,-158;
-46,839,16626,-155,51,3663,-57,-38,-158;
8,366,16222,-108,37,3210,-58,-38,-158;
-150,370,16342,-114,39,2802,-58,-37,-158;
-109,272,16197,-90,36,2434,-59,-36,-158;
-196,348,16280,-92,36,2074,-59,-36,-158;
-154,282,16316,-70,24,1732,-59,-35,-158;
-232,193,16441,-30,10,1441,-60,-35,-158;
-232,239,16425,-20,5,1179,-60,-34,-158;
-202,303,16431,-16,0,955,-60,-34,-158;
-146,305,16327,-20,1,742,-61,-34,-158;
-198,328,16371,-21,2,540,-61,-34,-158;
-233,380,16379,-22,0,346,-61,-34,-158;
-216,398,16376,-16,0,163,-61,-34,-158;
-217,354,16404,-13,-1,-7,-61,-34,-158;
-173,364,16440,-10,-1,-146,-61,-33,-158;
-116,392,16442,-14,1,-255,-61,-33,-158;
-176,457,16429,-18,2,-350,-61,-33,-158;
-259,467,16466,-28,6,-448,-60,-33,-158;
-194,433,16484,-39,8,-538,-60,-33,-159;
-253,476,16472,-59,14,-627,-60,-34,-159;
-451,476,16492,-77,19,-704,-60,-34,-159;
-536,450,16473,-99,26,-782,-60,-34,-159;
-547,475,16468,-122,34,-852,-60,-34,-159;
-630,495,16467,-147,43,-910,-59,-34,-159;
-739,545,16457,-166,52,-956,-59,-34,-159;
-905,578,16410,-151,47,-986,-59,-35,-159;
-954,550,16384,-105,32,-1011,-59,-35,-159;
-860,506,16328,-29,9,-1041,-59,-35,-159;
-916,410,16276,48,-14,-1075,-59,-35,-159;
-832,404,16282,123,-39,-1097,-59,-36,-159;
-535,388,16291,142,-46,-1126,-59,-36,-158;
-411,436,16314,173,-56,-1137,-59,-36,-158;
-359,477,16365,202,-67,-1133,-59,-36,-158;
-295,486,16357,225,-74,-1119,-59,-37,-158;
-224,470,16308,244,-81,-1108,-59,-37,-158;
-21,442,16350,231,-79,-1088,-59,-37,-158;
133,428,16412,186,-64,-1054,-59,-38,-158;
109,457,16481,112,-43,-1000,-58,-38,-158;
91,444,16515,37,-16,-948,-58,-38,-158;
18,435,16524,-22,3,-910,-58,-39,-158;
-96,447,16483,-20,5,-878,-58,-39,-158;
-195,439,16460,-25,6,-857,-58,-39,-158;
-262,412,16417,-30,10,-854,-58,-40,-158;
-346,408,16389,-37,11,-875,-57,-40,-158;
-414,392,16432,-54,16,-914,-57,-39,-158;
-539,401,16427,-80,25,-983,-57,-39,-158;
-634,408,16450,-116,37,-1069,-57,-39,-158;
-636,410,16436,-136,58,-1163,-57,-39,-158;
-651,464,16467,-156,77,-1245,-57,-39,-158;
-635,489,16484,-185,103,-1312,-56,-39,-158;
-594,566,16504,-215,131,-1351,-56,-39,-158;
-515,571,16514,-257,161,-1362,-56,-39,-158;
-486,589,16517,-290,189,-1346,-56,-39,-158;
-470,564,16510,-298,212,-1289,-56,-39,-159;
-396,501,16557,-306,240,-1201,-56,-40,-159;
-332,446,16628,-291,272,-1099,-55,-40,-159;
-208,443,16638,-252,301,-992,-55,-41,-159;
-167,410,16634,-220,327,-890,-55,-41,-159;
-143,356,16648,-179,354,-808,-55,-41,-159;
-141,273,16662,-129,381,-747,-55,-41,-159;
-178,147,16709,-75,409,-715,-54,-41,-159;
-202,29,16732,-3,441,-707,-54,-41,-159;
-262,-122,16737,56,477,-708,-54,-41,-159;
-216,-129,16781,88,521,-725,-53,-42,-159;
-258,-104,16728,114,566,-747,-53,-42,-159;
-316,36,16645,105,612,-745,-53,-42,-160;
-387,27,16582,60,660,-736,-52,-42,-160;
-477,71,16560,16,701,-722,-52,-42,-160;
-593,163,16507,-26,734,-685,-52,-43,-160;
-700,298,16448,-61,752,-616,-51,-43,-160;
-739,374,16327,-113,763,-530,-51,-43,-160;
-801,515,16264,-183,766,-445,-50,-43,-160;
-724,664,16277,-215,753,-373,-50,-43,-160;
-789,692,16231,-228,731,-326,-50,-43,-160;
-844,693,16213,-194,690,-304,-49,-43,-161;
-892,550,16195,-128,640,-328,-49,-42,-161;
-976,541,16202,-32,581,-372,-49,-42,-161;
-1047,521,16147,51,521,-407,-49,-42,-161;
-1036,380,16132,116,465,-466,-49,-43,-161;
-997,292,16125,168,418,-542,-48,-43,-161;
-1012,289,16170,235,372,-623,-48,-43,-161;
-1031,264,16200,315,327,-683,-48,-43,-161;
-1141,231,16166,354,294,-740,-47,-44,-161;
-1154,232,16171,376,265,-772,-47,-44,-161;
-1177,296,16173,351,250,-770,-47,-44,-161;
-1143,312,16220,318,243,-756,-46,-44,-161;
-1122,342,16240,266,243,-727,-46,-45,-161;
-1067,322,16307,215,251,-714,-46,-45,-161;
-1066,373,16348,171,262,-689,-45,-45,-161;
-1082,406,16420,133,276,-653,-45,-46,-161;
-1104,377,16451,121,293,-609,-45,-46,-161;
-1105,359,16448,121,308,-554,-45,-46,-161;
-1147,393,16422,119,323,-479,-45,-46,-161;
-1180,458,16402,99,339,-394,-45,-46,-161;
-1190,478,16379,80,351,-323,-45,-46,-161;
-1246,566,16339,69,355,-243,-45,-47,-161;
-1216,589,16319,93,350,-180,-44,-47,-161;
-1192,656,16308,162,332,-118,-44,-47,-161;
-1182,718,16307,257,309,-66,-44,-46,-162;
-1180,709,16281,355,283,-36,-44,-46,-162;
-1192,722,16293,427,260,-22,-44,-46,-162;
-1208,724,16335,489,244,-35,-43,-46,-162;
-1136,708,16439,562,229,-68,-43,-47,-162;
-1082,644,16534,660,221,-123,-43,-46,-162;
-1054,582,16602,775,218,-197,-43,-47,-162;
-1088,520,16631,881,224,-288,-43,-47,-162;
-1198,467,16601,956,239,-381,-43,-48,-162;
-1324,402,16606,975,262,-471,-43,-49,-162;
-1366,376,16578,963,298,-550,-43,-49,-162;
-1402,378,16576,932,346,-620,-42,-50,-162;
-1384,422,16564,896,398,-680,-42,-51,-162;
-1306,526,16618,852,444,-727,-42,-51,-162;
-1360,600,16600,799,497,-769,-41,-52,-162;
-1427,658,16528,738,552,-798,-41,-53,-162;
-1497,718,16466,657,601,-803,-40,-53,-162;
-1547,786,16454,551,650,-778,-40,-53,-163;
-1568,910,16462,442,693,-717,-39,-53,-163;
-1600,1033,16408,361,737,-629,-39,-54,-163;
-1671,1128,16368,285,767,-519,-38,-54,-163;
-1724,1216,16308,207,781,-398,-38,-54,-163;
-1788,1274,16253,120,785,-270,-38,-55,-163;
-1881,1233,16129,31,792,-144,-37,-55,-163;
-1864,1203,16012,-63,794,-15,-37,-55,-163;
-2018,1178,15969,-175,801,112,-37,-55,-163;
-2080,1166,15950,-244,795,236,-36,-55,-163;
-2078,1154,15960,-287,783,354,-36,-55,-163;
-2072,1115,15940,-304,767,458,-35,-55,-163;
-2051,1083,15942,-324,747,539,-35,-55,-164;
-2062,1044,15928,-348,728,594,-35,-55,-164;
-2100,973,15923,-366,711,632,-35,-55,-164;
-2185,745,15962,-371,691,592,-34,-55,-164;
-2284,572,16041,-348,664,502,-34,-54,-164;
-2344,495,16164,-293,637,403,-34,-54,-165;
-2223,475,16255,-206,608,318,-34,-54,-165;
-2202,456,16316,-158,599,241,-33,-54,-165;
-2179,460,16318,-115,597,160,-33,-54,-166;
-2178,448,16350,-84,600,70,-33,-54,-166;
-2208,420,16359,-53,603,-21,-33,-53,-166;
-2219,396,16381,-21,608,-112,-33,-53,-166;
-2200,426,16418,19,615,-199,-33,-53,-166;
-2122,618,16377,66,626,-216,-32,-53,-166;
-2112,768,16306,102,637,-188,-32,-53,-166;
-2174,835,16211,113,641,-160,-32,-53,-166;
-2236,882,16117,121,633,-150,-31,-53,-167;
-2275,944,16053,153,609,-154,-31,-52,-167;
-2352,1086,15956,186,576,-146,-31,-53,-167;
-2411,1116,15882,205,534,-120,-31,-53,-167;
-2444,1151,15831,217,489,-98,-31,-53,-167;
-2498,1210,15762,220,437,-70,-31,-53,-167;
-2564,1261,15678,217,379,-29,-30,-53,-167;
-2656,1272,15634,196,318,13,-30,-54,-167;
-2664,1301,15608,161,260,53,-30,-54,-167;
-2654,1332,15598,133,196,94,-30,-54,-167;
-2650,1356,15613,109,129,133,-30,-54,-167;
-2631,1353,15629,86,62,168,-30,-54,-167;
-2626,1238,15686,79,-6,185,-29,-54,-167;
-2628,1208,15716,89,-74,188,-29,-54,-166;
-2636,1172,15748,100,-136,198,-29,-54,-166;
-2605,1114,15818,111,-193,211,-29,-54,-166;
-2579,1053,15861,110,-243,220,-29,-54,-166;
-2544,1008,15935,108,-286,232,-29,-54,-166;
-2512,960,15972,109,-322,243,-30,-54,-166;
-2493,936,16043,110,-350,253,-30,-54,-166;
-2441,915,16089,104,-369,262,-30,-54,-166;
-2417,898,16144,86,-376,269,-30,-54,-166;
-2353,884,16222,65,-373,273,-30,-54,-166;
-2285,883,16318,43,-358,269,-31,-54,-166;
-2201,889,16401,31,-331,255,-31,-54,-166;
-2172,908,16482,32,-295,232,-32,-54,-166;
-2151,910,16566,54,-255,203,-32,-54,-166;
-2152,929,16595,95,-212,169,-32,-54,-166;
-2155,956,16602,143,-170,135,-32,-54,-166;
-2176,986,16540,183,-131,112,-33,-54,-166;
-2222,1011,16523,207,-91,95,-33,-55,-166;
-2262,1018,16473,225,-54,83,-33,-55,-166;
-2334,1012,16411,238,-20,76,-33,-55,-166;
-2388,1006,16346,243,9,69,-33,-55,-166;
-2433,1015,16296,239,33,61,-32,-55,-166;
-2436,1020,16264,230,52,45,-32,-55,-166;
-2429,1046,16230,224,67,17,-32,-55,-166;
-2410,1092,16205,227,75,-17,-32,-55,-166;
-2390,1146,16222,235,83,-52,-32,-55,-166;
-2349,1192,16255,260,90,-101,-32,-55,-166;
-2329,1238,16246,305,94,-155,-32,-55,-166;
-2332,1276,16234,349,94,-208,-31,-55,-165;
-2348,1292,16188,381,94,-263,-31,-55,-165;
-2344,1324,16164,405,86,-317,-31,-56,-165;
-2350,1366,16141,425,77,-364,-31,-56,-165;
-2374,1404,16100,445,64,-396,-31,-56,-165;
-2382,1432,16071,453,52,-408,-31,-56,-166;
-2417,1441,16039,435,45,-405,-30,-56,-166;
-2449,1388,16018,400,41,-401,-30,-57,-166;
-2503,1311,16025,353,40,-402,-30,-57,-166;
-2510,1209,16064,301,45,-415,-30,-58,-165;
-2516,1118,16100,257,54,-446,-30,-58,-165;
-2492,1061,16176,236,67,-487,-30,-58,-165;
-2412,1378,16204,200,89,-420,-30,-58,-165;
-2402,1434,16253,129,97,-315,-30,-58,-165;
-2409,1442,16198,58,108,-222,-30,-58,-165;
-2428,1454,16158,3,123,-142,-30,-59,-165;
-2434,1434,16155,-25,129,-72,-30,-59,-165;
-2459,1436,16152,-40,121,-7,-30,-59,-165;
-2447,1463,16162,-55,106,63,-30,-59,-165;
-2436,1554,16180,-70,86,155,-30,-59,-165;
-2389,1654,16218,-84,64,267,-30,-58,-165;
-2356,1752,16252,-113,38,392,-30,-58,-165;
-2422,1452,16297,-117,5,407,-30,-58,-165;
-2426,1373,16299,-78,-14,371,-30,-58,-165;
-2404,1354,16428,-40,-43,330,-30,-58,-165;
-2387,1311,16530,-18,-84,283,-30,-58,-165;
-2363,1281,16585,-13,-120,233,-30,-57,-165;
-2348,1278,16590,-11,-145,191,-30,-57,-165;
-2345,1276,16588,-9,-167,154,-31,-57,-165;
-2354,1236,16560,-8,-195,112,-31,-57,-165;
-2355,1201,16564,-12,-231,64,-31,-57,-165;
-2365,1158,16553,-21,-271,14,-31,-58,-165;
-2371,1125,16565,-37,-311,-32,-31,-58,-165;
-2343,1118,16628,-57,-356,-67,-31,-58,-165;
-2313,1095,16687,-70,-402,-96,-31,-58,-165;
-2279,1081,16751,-81,-446,-127,-31,-58,-165;
-2246,1103,16850,-100,-495,-156,-31,-57,-165;
-2213,1129,16968,-129,-551,-185,-31,-57,-165;
-2199,1132,17043,-168,-609,-212,-31,-57,-165;
-2184,1142,17110,-216,-663,-234,-31,-58,-165;
-2154,1148,17125,-262,-711,-253,-31,-58,-166;
-2140,1166,17131,-304,-750,-276,-32,-58,-166;
-2124,1191,17118,-350,-781,-298,-32,-58,-166;
-2109,1215,17075,-399,-803,-313,-32,-57,-166;
-2077,1252,17023,-446,-809,-322,-32,-57,-166;
-2048,1277,16949,-492,-796,-324,-32,-57,-166;
-2019,1267,16855,-524,-765,-326,-33,-57,-166;
-1958,1260,16756,-539,-719,-335,-33,-57,-166;
-1882,1270,16682,-538,-668,-353,-33,-57,-166;
-1807,1275,16635,-525,-617,-382,-33,-57,-166;
-1783,1281,16589,-505,-566,-413,-33,-57,-167;
-1752,1234,16558,-483,-521,-442,-34,-57,-167;
-1707,1189,16554,-451,-487,-474,-34,-56,-167;
-1666,1152,16558,-412,-463,-516,-34,-57,-167;
-1635,1113,16573,-380,-456,-561,-34,-57,-167;
-1604,1095,16623,-360,-467,-596,-33,-57,-167;
-1601,1081,16683,-362,-492,-614,-33,-57,-167;
-1609,1036,16756,-391,-524,-611,-33,-57,-168;
-1626,958,16814,-436,-553,-587,-33,-57,-168;
-1676,849,16846,-487,-573,-546,-33,-58,-168;
-1710,737,16864,-539,-586,-494,-32,-58,-168;
-1735,668,16859,-573,-593,-437,-32,-58,-169;
-1777,624,16832,-584,-600,-377,-32,-58,-169;
-1808,578,16762,-573,-612,-312,-32,-58,-169;
-1892,531,16714,-545,-635,-251,-32,-57,-169;
-1910,482,16639,-509,-659,-196,-33,-57,-170;
-1899,460,16579,-443,-687,-153,-33,-57,-170;
-1888,454,16494,-355,-712,-121,-33,-57,-170;
-1855,508,16397,-250,-742,-97,-33,-58,-171;
-1781,588,16295,-132,-785,-75,-34,-58,-171;
-1732,644,16201,-26,-840,-54,-34,-57,-171;
-1657,687,16154,62,-901,-34,-35,-58,-171;
-1540,731,16136,130,-954,-14,-35,-58,-171;
-1429,761,16142,189,-986,14,-35,-58,-171;
-1279,800,16096,243,-997,52,-35,-58,-171;
-1205,853,16070,280,-1000,103,-35,-58,-172;
-1111,892,16003,289,-1000,164,-35,-58,-172;
-1036,928,15950,287,-1001,220,-36,-59,-172;
-963,943,15906,272,-999,267,-36,-59,-172;
-921,936,15869,239,-989,301,-36,-59,-172;
-854,926,15860,207,-969,320,-37,-59,-172;
-814,913,15845,167,-945,332,-37,-60,-172;
-845,848,15826,110,-932,343,-38,-60,-172;
-872,771,15842,31,-932,352,-38,-60,-172;
-900,692,15832,-73,-942,361,-38,-61,-172;
-885,624,15866,-179,-953,360,-39,-61,-172;
-877,604,15894,-279,-966,348,-39,-61,-172;
-862,614,15899,-375,-985,331,-40,-61,-172;
-826,628,15882,-461,-1005,303,-40,-60,-172;
-794,664,15883,-556,-1029,267,-41,-60,-173;
-728,701,15748,-629,-1075,221,-41,-59,-173;
-632,769,15702,-709,-1117,176,-41,-59,-173;
-486,1048,15481,-727,-1179,95,-42,-58,-173;
-498,1264,15339,-683,-1278,-38,-42,-58,-173;
-422,1312,15306,-649,-1375,-172,-43,-58,-173;
-391,1285,15304,-612,-1452,-290,-43,-57,-173;
-328,1220,15295,-570,-1513,-396,-44,-57,-173;
-216,1078,15440,-496,-1551,-482,-44,-57,-173;
-149,797,15664,-384,-1552,-520,-44,-57,-173;
-52,332,16289,-186,-1434,-472,-45,-57,-173;
0,-27,16818,23,-1228,-344,-45,-57,-172;
20,-162,17248,271,-948,-184,-45,-58,-172;
34,-214,17684,475,-589,-15,-46,-58,-172;
130,-177,17686,587,-191,170,-46,-58,-172;
154,-50,17358,682,153,333,-46,-58,-172;
194,19,16909,759,406,472,-46,-59,-172;
200,-113,16336,824,550,624,-46,-59,-172;
217,-134,15912,884,619,780,-46,-59,-173;
199,7,15708,922,652,903,-46,-60,-173;
157,400,15108,881,582,946,-46,-60,-173;
131,783,14702,792,452,912,-46,-60,-173;
106,830,14340,663,250,841,-46,-60,-174;
89,564,14039,527,-6,799,-46,-60,-174;
112,299,14088,440,-264,785,-46,-60,-174;
185,172,14476,415,-457,784,-47,-60,-174;
181,167,14870,419,-571,785,-47,-60,-173;
210,418,15408,436,-587,745,-47,-61,-173;
165,591,15716,427,-542,664,-47,-61,-173;
164,727,15724,391,-496,566,-48,-61,-173;
196,824,15734,360,-460,458,-48,-61,-173;
258,804,15892,355,-422,360,-48,-61,-173;
298,867,15966,368,-370,278,-48,-62,-173;
295,953,16147,390,-296,203,-48,-62,-173;
278,1036,16310,409,-202,142,-48,-62,-173;
250,1104,16348,416,-111,90,-48,-63,-173;
264,1142,16442,420,-19,47,-48,-63,-173;
246,1136,16546,421,79,24,-48,-63,-172;
217,1178,16598,421,179,21,-48,-63,-172;
214,1216,16631,428,279,31,-48,-63,-172;
182,1205,16654,434,364,56,-48,-64,-172;
54,1873,16677,420,426,35,-48,-64,-172;
-72,1780,16731,353,464,-42,-48,-64,-172;
-10,1862,16734,261,492,-92,-47,-64,-172;
19,1930,16618,208,481,-176,-47,-64,-172;
-6,1916,16570,161,443,-250,-47,-64,-172;
-23,1920,16531,115,390,-321,-46,-64,-172;
-52,1865,16523,92,323,-385,-46,-64,-172;
-77,1796,16544,102,247,-436,-46,-64,-172;
-128,1716,16653,142,172,-473,-46,-64,-172;
-128,1660,16712,199,102,-501,-46,-65,-173;
-90,980,16589,269,42,-473,-45,-65,-172;
0,1108,16462,384,-19,-400,-45,-65,-172;
-71,1062,16341,508,-95,-371,-45,-65,-172;
-75,1019,16352,579,-157,-324,-45,-65,-173;
-64,999,16293,633,-203,-292,-46,-65,-173;
-56,964,16209,686,-244,-267,-46,-66,-173;
-38,977,16134,719,-283,-246,-46,-66,-172;
5,1003,16026,722,-320,-226,-46,-66,-172;
20,1054,15878,697,-360,-208,-46,-66,-172;
10,1122,15782,661,-398,-191,-46,-67,-172;
52,1194,15839,643,-426,-176,-46,-67,-172;
74,1208,15875,652,-434,-156,-46,-67,-172;
82,1252,15996,673,-433,-127,-46,-68,-172;
121,1327,16094,697,-415,-91,-46,-69,-172;
122,1440,16215,735,-393,-62,-46,-69,-172;
146,1516,16190,767,-380,-35,-46,-70,-172;
235,1607,16282,807,-369,-17,-46,-70,-172;
205,1704,16503,826,-359,-26,-46,-70,-171;
305,1772,16566,845,-334,-53,-46,-71,-171;
362,1789,16632,851,-309,-78,-46,-71,-171;
378,1848,16666,837,-289,-107,-47,-71,-171;
385,1928,16888,805,-253,-135,-47,-72,-170;
414,2101,16974,783,-187,-176,-47,-72,-170;
358,2226,17041,772,-121,-225,-47,-73,-170;
354,2292,17246,733,-12,-270,-47,-73,-169;
358,2406,17346,709,115,-324,-47,-73,-169;
284,2373,17047,687,215,-369,-47,-73,-170;
317,2334,16526,688,262,-393,-48,-74,-170;
255,2184,16117,678,237,-385,-48,-74,-170;
216,2125,16022,728,165,-369,-47,-74,-170;
214,2098,16002,824,108,-350,-47,-74,-170;
225,2038,15750,928,35,-315,-47,-74,-170;
237,1903,15591,1011,-52,-248,-47,-75,-170;
276,1850,15450,1078,-142,-178,-46,-75,-170;
296,1812,15204,1171,-268,-101,-46,-75,-170;
306,1770,15202,1264,-390,-10,-46,-76,-170;
332,1866,15442,1360,-470,77,-46,-77,-169;
370,1951,15783,1459,-482,161,-46,-78,-169;
400,2184,16170,1575,-427,214,-46,-79,-168;
443,2384,16244,1644,-317,242,-46,-79,-168;
465,2510,16205,1671,-211,255,-46,-80,-167;
452,2664,16248,1685,-104,243,-46,-81,-167;
454,2761,16266,1706,3,199,-46,-81,-167;
462,2843,16276,1721,117,149,-47,-82,-167;
473,2936,16298,1706,240,83,-46,-83,-166;
481,3024,16322,1656,370,2,-46,-84,-166;
471,3071,16360,1576,506,-93,-46,-84,-166;
449,3113,16410,1474,651,-196,-46,-85,-166;
426,3165,16452,1359,806,-302,-46,-85,-165;
386,3153,16525,1242,971,-411,-46,-86,-165;
323,3124,16536,1129,1141,-516,-45,-86,-165;
258,3108,16511,1020,1303,-616,-45,-86,-165;
151,3156,16503,913,1451,-709,-44,-87,-165;
41,3186,16521,822,1582,-790,-43,-88,-165;
-74,3206,16520,739,1690,-857,-43,-89,-165;
-208,3232,16533,675,1763,-909,-42,-89,-166;
-330,3302,16657,607,1786,-955,-41,-89,-166;
-496,3372,16686,563,1763,-982,-40,-90,-166;
-622,3433,16714,542,1711,-980,-39,-90,-166;
-744,3536,16642,521,1635,-950,-38,-91,-166;
-841,3635,16564,475,1538,-902,-37,-91,-166;
-918,3707,16503,394,1428,-844,-36,-92,-166;
-986,3754,16470,308,1314,-777,-36,-92,-167;
-1057,3754,16403,232,1196,-700,-35,-92,-167;
-1130,3726,16325,206,1084,-613,-34,-92,-167;
-1176,3695,16241,230,986,-518,-33,-92,-167;
-1232,3642,16015,326,911,-416,-32,-92,-167;
-1241,3592,15894,451,846,-329,-32,-92,-168;
-1272,3520,15740,604,770,-270,-31,-93,-168;
-1297,3475,15603,800,686,-239,-30,-93,-168;
-1321,3469,15494,1065,592,-225,-30,-94,-168;
-1352,3516,15453,1403,488,-225,-29,-94,-168;
-1366,3574,15376,1784,372,-238,-29,-95,-168;
-1350,3669,15336,2170,254,-272,-29,-96,-168;
-1330,3834,15262,2503,138,-336,-28,-97,-168;
-1262,4046,15298,2800,26,-427,-28,-97,-167;
-1168,4257,15351,3050,-62,-537,-28,-99,-167;
-1072,4437,15407,3269,-123,-653,-28,-100,-166;
-1029,4626,15476,3463,-149,-771,-28,-101,-165;
-979,4827,15661,3641,-159,-887,-28,-102,-164;
-949,5045,15813,3791,-156,-1002,-28,-103,-164;
-920,5272,15865,3896,-140,-1111,-27,-105,-162;
-909,5497,15899,3956,-118,-1215,-27,-107,-161;
-917,5730,15933,3995,-98,-1307,-27,-109,-160;
-929,5955,15965,4051,-90,-1374,-26,-110,-159;
-995,6146,15877,4093,-90,-1415,-26,-112,-157;
-1096,6333,15804,4128,-117,-1433,-25,-114,-156;
-1224,6509,15775,4168,-173,-1438,-24,-115,-155;
-1294,6663,15832,4223,-268,-1437,-24,-117,-154;
-1377,6793,15839,4298,-391,-1426,-23,-119,-153;
-1437,6933,15867,4400,-532,-1403,-22,-121,-152;
-1466,7072,15867,4535,-682,-1372,-22,-122,-150;
-1468,7213,15832,4690,-827,-1334,-21,-124,-149;
-1460,7347,15743,4848,-959,-1295,-21,-125,-148;
-1421,7444,15623,4996,-1066,-1268,-21,-127,-146;
-1376,7572,15492,5143,-1149,-1256,-20,-129,-144;
-1320,7727,15302,5295,-1201,-1259,-20,-130,-143;
-1211,7959,15075,5435,-1216,-1268,-20,-132,-141;
-1150,8209,14752,5547,-1186,-1272,-20,-134,-139;
-1068,8419,14374,5614,-1115,-1274,-19,-136,-137;
-999,8589,14014,5650,-1003,-1277,-19,-138,-135;
-972,8749,13682,5666,-863,-1283,-19,-140,-133;
-964,8926,13384,5672,-701,-1291,-19,-142,-131;
-975,9150,13162,5695,-528,-1303,-18,-144,-129;
-1013,9437,12999,5723,-349,-1312,-17,-146,-126;
-1014,9828,12778,5749,-170,-1320,-17,-148,-124;
-1035,10148,12530,5806,14,-1335,-16,-150,-122;
-1066,10440,12268,5864,195,-1368,-15,-152,-119;
-1125,10716,12012,5943,371,-1411,-14,-154,-117;
-1236,10980,11774,6036,535,-1462,-14,-155,-115;
-1324,11223,11530,6138,684,-1520,-13,-156,-113;
-1406,11480,11334,6246,823,-1589,-12,-158,-110;
-1496,11731,11157,6352,943,-1676,-10,-160,-108;
-1564,11927,10922,6453,1048,-1775,-9,-161,-105;
-1662,12054,10712,6562,1124,-1880,-8,-163,-103;
-1794,12110,10564,6704,1166,-1974,-7,-164,-101;
-1896,12242,10463,6849,1160,-2051,-6,-166,-98;
-2025,12345,10351,7018,1116,-2106,-5,-167,-96;
-2083,12475,10233,7170,1037,-2148,-3,-168,-93;
-2129,12608,10116,7305,939,-2182,-1,-170,-90;
-2240,12723,9999,7425,838,-2202,0,-171,-87;
-2374,12808,9873,7523,732,-2197,1,-173,-83;
-2456,12870,9686,7606,627,-2161,2,-174,-81;
-2586,12938,9495,7681,522,-2093,4,-175,-78;
-2669,13034,9260,7757,434,-1999,5,-176,-74;
-2749,13068,8998,7811,366,-1889,6,-177,-71;
-2834,13053,8765,7827,327,-1765,7,-178,-67;
-2910,12985,8521,7780,316,-1617,8,-179,-64;
-2993,12868,8265,7666,330,-1447,9,-179,-60;
-3072,12792,7993,7473,363,-1257,10,-180,-56;
-3083,12788,7717,7213,400,-1056,10,-181,-53;
-3098,12831,7450,6936,433,-851,11,-181,-50;
-3107,12867,7261,6679,463,-655,11,-182,-46;
-3014,12874,7082,6410,488,-493,12,-182,-43;
-2985,12935,6851,6105,508,-360,12,-182,-39;
-2998,13022,6615,5753,531,-240,12,-182,-37;
-3045,13195,6380,5373,559,-123,12,-183,-34;
-3126,13520,6192,5016,589,-6,13,-183,-31;
-3121,13957,6056,4723,615,101,13,-183,-29;
-3099,14423,5926,4521,626,188,13,-183,-27;
-3108,14831,5788,4367,620,249,13,-183,-24;
-3067,15147,5576,4207,601,285,13,-183,-22;
-3096,15408,5300,4000,572,309,13,-183,-20;
-3174,15708,4870,3722,546,351,13,-184,-19;
-3191,15922,4600,3417,500,393,13,-184,-17;
-3177,16141,4386,3150,434,420,12,-184,-15;
-3139,16333,4194,2912,345,421,12,-184,-13;
-3061,16421,4014,2693,242,396,12,-183,-11;
-3094,16378,3867,2477,143,358,11,-183,-10;
-3105,16262,3769,2254,61,322,11,-183,-9;
-3099,16116,3695,2048,-1,298,11,-183,-7;
-3084,15952,3670,1865,-42,288,11,-183,-7;
-3056,15802,3692,1703,-60,292,11,-183,-6;
-3015,15652,3884,1608,-64,302,11,-182,-5;
-3000,15515,4014,1557,-32,329,11,-182,-4;
-2985,15354,4130,1494,26,371,11,-182,-3;
-2947,15160,4234,1409,110,427,11,-182,-3;
-2913,14972,4283,1281,209,490,10,-182,-2;
-2849,14827,4311,1112,312,558,10,-182,-1;
-2800,14717,4336,903,415,627,10,-182,-1;
-2740,14636,4353,655,517,697,9,-182,0;
-2693,14600,4354,376,612,762,9,-181,0;
-2656,14626,4266,76,698,818,8,-181,0;
-2652,14607,4225,-253,773,865,7,-181,0;
-2584,14624,4181,-606,834,902,7,-182,0;
-2532,14644,4154,-968,882,929,7,-182,0;
-2476,14666,4151,-1325,925,953,6,-182,0;
-2452,14683,4188,-1672,966,975,6,-182,0;
-2434,14690,4317,-2036,1015,993,5,-182,-1;
-2386,14820,4210,-2356,1060,1003,4,-183,-2;
-2334,14927,4176,-2638,1085,1000,4,-183,-3;
-2340,15051,4163,-2920,1099,987,3,-183,-4;
-2293,15150,4268,-3200,1106,969,2,-183,-5;
-2233,15278,4345,-3498,1108,943,2,-183,-7;
-2217,15380,4431,-3808,1101,913,1,-183,-8;
-2193,15466,4524,-4128,1086,881,0,-183,-10;
-2209,15534,4621,-4455,1059,843,0,-182,-12;
-2197,15647,4691,-4783,1016,800,0,-182,-14;
-2185,15747,4667,-5092,947,759,-1,-182,-16;
-2206,15720,4897,-5443,858,722,-1,-182,-18;
-2234,15692,5094,-5830,767,698,-2,-182,-21;
-2203,15625,5353,-6215,669,689,-2,-182,-24;
-2208,15543,5631,-6597,562,691,-3,-182,-27;
-2202,15423,5969,-6960,451,702,-3,-182,-30;
-2218,15274,6311,-7313,340,720,-3,-182,-34;
-2218,15108,6680,-7671,231,743,-4,-182,-36;
-2180,14907,7052,-8054,124,765,-4,-181,-40;
-2126,14636,7445,-8472,20,785,-5,-181,-44;
-2075,14338,7867,-8930,-77,801,-5,-180,-48;
-2018,13978,8290,-9430,-161,818,-5,-180,-53;
-1975,13591,8686,-9975,-237,838,-6,-179,-56;
-1960,13198,9077,-10570,-304,863,-6,-178,-61;
-1932,12811,9474,-11198,-364,895,-7,-177,-66;
-1882,12460,9820,-11826,-420,935,-7,-175,-72;
-1844,12108,10208,-12412,-475,991,-8,-174,-77;
-1786,11716,10714,-12936,-524,1062,-9,-172,-83;
-1748,11336,11156,-13370,-567,1149,-9,-170,-89;
-1674,10923,11664,-13669,-596,1251,-10,-168,-95;
-1610,10576,12117,-13850,-622,1354,-10,-166,-100;
-1552,10235,12560,-13938,-651,1448,-11,-162,-105;
-1494,9903,12997,-13934,-670,1530,-12,-159,-111;
-1398,9555,13437,-13846,-682,1589,-14,-156,-117;
-1325,9221,13859,-13688,-683,1623,-15,-152,-123;
-1231,8890,14453,-13473,-665,1632,-16,-149,-127;
-1117,8505,14948,-13187,-630,1616,-17,-145,-132;
-1022,8111,15334,-12780,-571,1581,-18,-141,-137;
-948,7754,15693,-12362,-504,1516,-19,-138,-140;
-904,7410,15965,-11994,-437,1423,-21,-133,-145;
-884,7045,16181,-11665,-358,1310,-22,-129,-149;
-884,6708,16333,-11359,-270,1180,-22,-125,-153;
-850,6368,16532,-11062,-174,1037,-23,-121,-157;
-842,6048,16645,-10786,-67,885,-24,-118,-160;
-871,5688,16711,-10551,38,732,-24,-113,-163;
-938,5308,16549,-10378,140,581,-25,-109,-166;
-1010,4957,16458,-10337,242,433,-25,-105,-169;
-1053,4553,16425,-10478,340,292,-25,-101,-171;
-1062,4062,16516,-10689,443,173,-25,-96,-174;
-1097,3509,16636,-10920,551,86,-25,-92,-177;
-1127,2865,16835,-11153,651,35,-25,-87,-179;
-1169,2141,17026,-11359,737,23,-25,-83,-181;
-1238,1417,17122,-11557,802,45,-25,-78,-184;
-1292,712,17269,-11697,845,100,-25,-73,-186;
-1375,-74,17349,-11725,862,176,-24,-68,-188;
-1439,-870,17393,-11642,841,269,-24,-63,-190;
